src_style,tgt_style,src_image,gen_image,content_lpips,clip_dir,clip_style,clip_content
Early_Renaissance,Impressionism,Early_Renaissance__fra-angelico_saint-cosmas-and-saint-damian-before-lisius-1440.jpg,Early_Renaissance_Early_Renaissance__fra-angelico_saint-cosmas-and-saint-damian-before-lisius-1440_to_Impressionism.png,0.39416498,0.0,0.6940827369689941,0.0
Early_Renaissance,Impressionism,Early_Renaissance__domenico-veneziano_not-detected-269819.jpg,Early_Renaissance_Early_Renaissance__domenico-veneziano_not-detected-269819_to_Impressionism.png,0.3605072,0.0,0.7779767513275146,0.0
Early_Renaissance,Impressionism,Early_Renaissance__carlo-crivelli_saint-thomas-aquinas-1476.jpg,Early_Renaissance_Early_Renaissance__carlo-crivelli_saint-thomas-aquinas-1476_to_Impressionism.png,0.33912736,0.0,0.602177083492279,0.0
Early_Renaissance,Impressionism,Early_Renaissance__pietro-perugino_giovanni-colombini.jpg,Early_Renaissance_Early_Renaissance__pietro-perugino_giovanni-colombini_to_Impressionism.png,0.38428593,0.0,0.7452601790428162,0.0
Early_Renaissance,Impressionism,Early_Renaissance__leonardo-da-vinci_studies-of-a-bewalking.jpg,Early_Renaissance_Early_Renaissance__leonardo-da-vinci_studies-of-a-bewalking_to_Impressionism.png,0.34985948,0.0,0.6693927645683289,0.0
Early_Renaissance,Impressionism,Early_Renaissance__benozzo-gozzoli_madonna-and-child-1485.jpg,Early_Renaissance_Early_Renaissance__benozzo-gozzoli_madonna-and-child-1485_to_Impressionism.png,0.40719151,0.0,0.6602221727371216,0.0
Early_Renaissance,Impressionism,Early_Renaissance__bartolome-bermejo_death-of-the-virgin-1462.jpg,Early_Renaissance_Early_Renaissance__bartolome-bermejo_death-of-the-virgin-1462_to_Impressionism.png,0.47055316,0.0,0.7238051891326904,0.0
Early_Renaissance,Impressionism,Early_Renaissance__domenico-ghirlandaio_st-stephen-st-jacobo-st-peter.jpg,Early_Renaissance_Early_Renaissance__domenico-ghirlandaio_st-stephen-st-jacobo-st-peter_to_Impressionism.png,0.38313615,0.0,0.6997658014297485,0.0
Early_Renaissance,Minimalism,Early_Renaissance__fra-angelico_saint-cosmas-and-saint-damian-before-lisius-1440.jpg,Early_Renaissance_Early_Renaissance__fra-angelico_saint-cosmas-and-saint-damian-before-lisius-1440_to_Minimalism.png,0.41448736,0.0,0.630628228187561,0.0
Early_Renaissance,Minimalism,Early_Renaissance__domenico-veneziano_not-detected-269819.jpg,Early_Renaissance_Early_Renaissance__domenico-veneziano_not-detected-269819_to_Minimalism.png,0.3969708,0.0,0.6967138648033142,0.0
Early_Renaissance,Minimalism,Early_Renaissance__carlo-crivelli_saint-thomas-aquinas-1476.jpg,Early_Renaissance_Early_Renaissance__carlo-crivelli_saint-thomas-aquinas-1476_to_Minimalism.png,0.36196935,0.0,0.6321966648101807,0.0
Early_Renaissance,Minimalism,Early_Renaissance__pietro-perugino_giovanni-colombini.jpg,Early_Renaissance_Early_Renaissance__pietro-perugino_giovanni-colombini_to_Minimalism.png,0.41256863,0.0,0.6866127252578735,0.0
Early_Renaissance,Minimalism,Early_Renaissance__leonardo-da-vinci_studies-of-a-bewalking.jpg,Early_Renaissance_Early_Renaissance__leonardo-da-vinci_studies-of-a-bewalking_to_Minimalism.png,0.3769462,0.0,0.6856508255004883,0.0
Early_Renaissance,Minimalism,Early_Renaissance__benozzo-gozzoli_madonna-and-child-1485.jpg,Early_Renaissance_Early_Renaissance__benozzo-gozzoli_madonna-and-child-1485_to_Minimalism.png,0.4342705,0.0,0.6569765210151672,0.0
Early_Renaissance,Minimalism,Early_Renaissance__bartolome-bermejo_death-of-the-virgin-1462.jpg,Early_Renaissance_Early_Renaissance__bartolome-bermejo_death-of-the-virgin-1462_to_Minimalism.png,0.4937377,0.0,0.6194270253181458,0.0
Early_Renaissance,Minimalism,Early_Renaissance__domenico-ghirlandaio_st-stephen-st-jacobo-st-peter.jpg,Early_Renaissance_Early_Renaissance__domenico-ghirlandaio_st-stephen-st-jacobo-st-peter_to_Minimalism.png,0.42028195,0.0,0.6624758839607239,0.0
Early_Renaissance,Rococo,Early_Renaissance__fra-angelico_saint-cosmas-and-saint-damian-before-lisius-1440.jpg,Early_Renaissance_Early_Renaissance__fra-angelico_saint-cosmas-and-saint-damian-before-lisius-1440_to_Rococo.png,0.39724344,0.0,0.7292099595069885,0.0
Early_Renaissance,Rococo,Early_Renaissance__domenico-veneziano_not-detected-269819.jpg,Early_Renaissance_Early_Renaissance__domenico-veneziano_not-detected-269819_to_Rococo.png,0.3612176,0.0,0.7408282160758972,0.0
Early_Renaissance,Rococo,Early_Renaissance__carlo-crivelli_saint-thomas-aquinas-1476.jpg,Early_Renaissance_Early_Renaissance__carlo-crivelli_saint-thomas-aquinas-1476_to_Rococo.png,0.34261155,0.0,0.7214389443397522,0.0
Early_Renaissance,Rococo,Early_Renaissance__pietro-perugino_giovanni-colombini.jpg,Early_Renaissance_Early_Renaissance__pietro-perugino_giovanni-colombini_to_Rococo.png,0.3842274,0.0,0.7705249786376953,0.0
Early_Renaissance,Rococo,Early_Renaissance__leonardo-da-vinci_studies-of-a-bewalking.jpg,Early_Renaissance_Early_Renaissance__leonardo-da-vinci_studies-of-a-bewalking_to_Rococo.png,0.34738174,0.0,0.6563161015510559,0.0
Early_Renaissance,Rococo,Early_Renaissance__benozzo-gozzoli_madonna-and-child-1485.jpg,Early_Renaissance_Early_Renaissance__benozzo-gozzoli_madonna-and-child-1485_to_Rococo.png,0.41243625,0.0,0.7099431157112122,0.0
Early_Renaissance,Rococo,Early_Renaissance__bartolome-bermejo_death-of-the-virgin-1462.jpg,Early_Renaissance_Early_Renaissance__bartolome-bermejo_death-of-the-virgin-1462_to_Rococo.png,0.46636873,0.0,0.7604215145111084,0.0
Early_Renaissance,Rococo,Early_Renaissance__domenico-ghirlandaio_st-stephen-st-jacobo-st-peter.jpg,Early_Renaissance_Early_Renaissance__domenico-ghirlandaio_st-stephen-st-jacobo-st-peter_to_Rococo.png,0.38123983,0.0,0.7432478666305542,0.0
Early_Renaissance,Ukiyo_e,Early_Renaissance__fra-angelico_saint-cosmas-and-saint-damian-before-lisius-1440.jpg,Early_Renaissance_Early_Renaissance__fra-angelico_saint-cosmas-and-saint-damian-before-lisius-1440_to_Ukiyo_e.png,0.39436787,0.0,0.6534348130226135,0.0
Early_Renaissance,Ukiyo_e,Early_Renaissance__domenico-veneziano_not-detected-269819.jpg,Early_Renaissance_Early_Renaissance__domenico-veneziano_not-detected-269819_to_Ukiyo_e.png,0.36437917,0.0,0.7088783979415894,0.0
Early_Renaissance,Ukiyo_e,Early_Renaissance__carlo-crivelli_saint-thomas-aquinas-1476.jpg,Early_Renaissance_Early_Renaissance__carlo-crivelli_saint-thomas-aquinas-1476_to_Ukiyo_e.png,0.33867314,0.0,0.6085505485534668,0.0
Early_Renaissance,Ukiyo_e,Early_Renaissance__pietro-perugino_giovanni-colombini.jpg,Early_Renaissance_Early_Renaissance__pietro-perugino_giovanni-colombini_to_Ukiyo_e.png,0.3885827,0.0,0.737628698348999,0.0
Early_Renaissance,Ukiyo_e,Early_Renaissance__leonardo-da-vinci_studies-of-a-bewalking.jpg,Early_Renaissance_Early_Renaissance__leonardo-da-vinci_studies-of-a-bewalking_to_Ukiyo_e.png,0.3575348,0.0,0.6322798728942871,0.0
Early_Renaissance,Ukiyo_e,Early_Renaissance__benozzo-gozzoli_madonna-and-child-1485.jpg,Early_Renaissance_Early_Renaissance__benozzo-gozzoli_madonna-and-child-1485_to_Ukiyo_e.png,0.4102424,0.0,0.627192497253418,0.0
Early_Renaissance,Ukiyo_e,Early_Renaissance__bartolome-bermejo_death-of-the-virgin-1462.jpg,Early_Renaissance_Early_Renaissance__bartolome-bermejo_death-of-the-virgin-1462_to_Ukiyo_e.png,0.46806657,0.0,0.6770662069320679,0.0
Early_Renaissance,Ukiyo_e,Early_Renaissance__domenico-ghirlandaio_st-stephen-st-jacobo-st-peter.jpg,Early_Renaissance_Early_Renaissance__domenico-ghirlandaio_st-stephen-st-jacobo-st-peter_to_Ukiyo_e.png,0.38584787,0.0,0.6348105669021606,0.0
Impressionism,Early_Renaissance,Impressionism__john-singer-sargent_lake-in-the-tyrol.jpg,Impressionism_Impressionism__john-singer-sargent_lake-in-the-tyrol_to_Early_Renaissance.png,0.36869147,0.0,0.6310316324234009,0.0
Impressionism,Early_Renaissance,Impressionism__eugene-boudin_laundresses-on-the-banks-of-the-touques-9.jpg,Impressionism_Impressionism__eugene-boudin_laundresses-on-the-banks-of-the-touques-9_to_Early_Renaissance.png,0.42986897,0.0,0.6291418075561523,0.0
Impressionism,Early_Renaissance,Impressionism__claude-monet_rouen-cathedral-the-portal-at-midday.jpg,Impressionism_Impressionism__claude-monet_rouen-cathedral-the-portal-at-midday_to_Early_Renaissance.png,0.45115858,0.0,0.7654375433921814,0.0
Impressionism,Early_Renaissance,Impressionism__stefan-dimitrescu_cabaret.jpg,Impressionism_Impressionism__stefan-dimitrescu_cabaret_to_Early_Renaissance.png,0.44770253,0.0,0.6892588138580322,0.0
Impressionism,Early_Renaissance,Impressionism__nicolae-vermont_rotterdam-port-1928.jpg,Impressionism_Impressionism__nicolae-vermont_rotterdam-port-1928_to_Early_Renaissance.png,0.40664917,0.0,0.5978062152862549,0.0
Impressionism,Early_Renaissance,Impressionism__childe-hassam_evening-champs-elysees-aka-pres-du-louvre.jpg,Impressionism_Impressionism__childe-hassam_evening-champs-elysees-aka-pres-du-louvre_to_Early_Renaissance.png,0.4431387,0.0,0.6428691148757935,0.0
Early_Renaissance,Impressionism,Early_Renaissance__domenico-ghirlandaio_st-jerome.jpg,Early_Renaissance_Early_Renaissance__domenico-ghirlandaio_st-jerome_to_Impressionism.png,0.36167356,0.0,0.6883572340011597,0.0
Early_Renaissance,Impressionism,Early_Renaissance__filippo-lippi_adoration-of-the-magi-detail-2.jpg,Early_Renaissance_Early_Renaissance__filippo-lippi_adoration-of-the-magi-detail-2_to_Impressionism.png,0.43480146,0.0,0.6798940300941467,0.0
Early_Renaissance,Minimalism,Early_Renaissance__domenico-ghirlandaio_st-jerome.jpg,Early_Renaissance_Early_Renaissance__domenico-ghirlandaio_st-jerome_to_Minimalism.png,0.40101868,0.0,0.713564932346344,0.0
Early_Renaissance,Minimalism,Early_Renaissance__filippo-lippi_adoration-of-the-magi-detail-2.jpg,Early_Renaissance_Early_Renaissance__filippo-lippi_adoration-of-the-magi-detail-2_to_Minimalism.png,0.45271888,0.0,0.7137308716773987,0.0
Impressionism,Minimalism,Impressionism__john-singer-sargent_lake-in-the-tyrol.jpg,Impressionism_Impressionism__john-singer-sargent_lake-in-the-tyrol_to_Minimalism.png,0.386989,0.0,0.7135506868362427,0.0
Impressionism,Minimalism,Impressionism__eugene-boudin_laundresses-on-the-banks-of-the-touques-9.jpg,Impressionism_Impressionism__eugene-boudin_laundresses-on-the-banks-of-the-touques-9_to_Minimalism.png,0.4428646,0.0,0.6066554188728333,0.0
Impressionism,Minimalism,Impressionism__claude-monet_rouen-cathedral-the-portal-at-midday.jpg,Impressionism_Impressionism__claude-monet_rouen-cathedral-the-portal-at-midday_to_Minimalism.png,0.47801867,0.0,0.7976648807525635,0.0
Impressionism,Minimalism,Impressionism__stefan-dimitrescu_cabaret.jpg,Impressionism_Impressionism__stefan-dimitrescu_cabaret_to_Minimalism.png,0.48703107,0.0,0.7038572430610657,0.0
Impressionism,Minimalism,Impressionism__nicolae-vermont_rotterdam-port-1928.jpg,Impressionism_Impressionism__nicolae-vermont_rotterdam-port-1928_to_Minimalism.png,0.42019087,0.0,0.6354771852493286,0.0
Impressionism,Minimalism,Impressionism__childe-hassam_evening-champs-elysees-aka-pres-du-louvre.jpg,Impressionism_Impressionism__childe-hassam_evening-champs-elysees-aka-pres-du-louvre_to_Minimalism.png,0.47760934,0.0,0.5841314196586609,0.0
Early_Renaissance,Rococo,Early_Renaissance__domenico-ghirlandaio_st-jerome.jpg,Early_Renaissance_Early_Renaissance__domenico-ghirlandaio_st-jerome_to_Rococo.png,0.3618914,0.0,0.7084046006202698,0.0
Early_Renaissance,Rococo,Early_Renaissance__filippo-lippi_adoration-of-the-magi-detail-2.jpg,Early_Renaissance_Early_Renaissance__filippo-lippi_adoration-of-the-magi-detail-2_to_Rococo.png,0.44102985,0.0,0.6862829923629761,0.0
Impressionism,Rococo,Impressionism__john-singer-sargent_lake-in-the-tyrol.jpg,Impressionism_Impressionism__john-singer-sargent_lake-in-the-tyrol_to_Rococo.png,0.36094087,0.0,0.6483781933784485,0.0
Impressionism,Rococo,Impressionism__eugene-boudin_laundresses-on-the-banks-of-the-touques-9.jpg,Impressionism_Impressionism__eugene-boudin_laundresses-on-the-banks-of-the-touques-9_to_Rococo.png,0.4282727,0.0,0.6707191467285156,0.0
Impressionism,Rococo,Impressionism__claude-monet_rouen-cathedral-the-portal-at-midday.jpg,Impressionism_Impressionism__claude-monet_rouen-cathedral-the-portal-at-midday_to_Rococo.png,0.44974554,0.0,0.6886817216873169,0.0
Impressionism,Rococo,Impressionism__stefan-dimitrescu_cabaret.jpg,Impressionism_Impressionism__stefan-dimitrescu_cabaret_to_Rococo.png,0.4507179,0.0,0.7035782337188721,0.0
Impressionism,Rococo,Impressionism__nicolae-vermont_rotterdam-port-1928.jpg,Impressionism_Impressionism__nicolae-vermont_rotterdam-port-1928_to_Rococo.png,0.3843438,0.0,0.6811057329177856,0.0
Impressionism,Rococo,Impressionism__childe-hassam_evening-champs-elysees-aka-pres-du-louvre.jpg,Impressionism_Impressionism__childe-hassam_evening-champs-elysees-aka-pres-du-louvre_to_Rococo.png,0.4449225,0.0,0.6725866794586182,0.0
Early_Renaissance,Ukiyo_e,Early_Renaissance__domenico-ghirlandaio_st-jerome.jpg,Early_Renaissance_Early_Renaissance__domenico-ghirlandaio_st-jerome_to_Ukiyo_e.png,0.36570692,0.0,0.6610660552978516,0.0
Early_Renaissance,Ukiyo_e,Early_Renaissance__filippo-lippi_adoration-of-the-magi-detail-2.jpg,Early_Renaissance_Early_Renaissance__filippo-lippi_adoration-of-the-magi-detail-2_to_Ukiyo_e.png,0.43105897,0.0,0.6576753258705139,0.0
Impressionism,Ukiyo_e,Impressionism__john-singer-sargent_lake-in-the-tyrol.jpg,Impressionism_Impressionism__john-singer-sargent_lake-in-the-tyrol_to_Ukiyo_e.png,0.36888808,0.0,0.6831511855125427,0.0
Impressionism,Ukiyo_e,Impressionism__eugene-boudin_laundresses-on-the-banks-of-the-touques-9.jpg,Impressionism_Impressionism__eugene-boudin_laundresses-on-the-banks-of-the-touques-9_to_Ukiyo_e.png,0.4328954,0.0,0.6243699193000793,0.0
Impressionism,Ukiyo_e,Impressionism__claude-monet_rouen-cathedral-the-portal-at-midday.jpg,Impressionism_Impressionism__claude-monet_rouen-cathedral-the-portal-at-midday_to_Ukiyo_e.png,0.4576539,0.0,0.7267721891403198,0.0
Impressionism,Ukiyo_e,Impressionism__stefan-dimitrescu_cabaret.jpg,Impressionism_Impressionism__stefan-dimitrescu_cabaret_to_Ukiyo_e.png,0.44608378,0.0,0.6907259225845337,0.0
Impressionism,Ukiyo_e,Impressionism__nicolae-vermont_rotterdam-port-1928.jpg,Impressionism_Impressionism__nicolae-vermont_rotterdam-port-1928_to_Ukiyo_e.png,0.39891663,0.0,0.6238486766815186,0.0
Impressionism,Ukiyo_e,Impressionism__childe-hassam_evening-champs-elysees-aka-pres-du-louvre.jpg,Impressionism_Impressionism__childe-hassam_evening-champs-elysees-aka-pres-du-louvre_to_Ukiyo_e.png,0.44551843,0.0,0.6442853212356567,0.0
Impressionism,Early_Renaissance,Impressionism__camille-pissarro_the-gardener-afternoon-sun-eragny-1899.jpg,Impressionism_Impressionism__camille-pissarro_the-gardener-afternoon-sun-eragny-1899_to_Early_Renaissance.png,0.4638608,0.0,0.6236211657524109,0.0
Impressionism,Early_Renaissance,Impressionism__edgar-degas_study-of-gentile-bellini-1855.jpg,Impressionism_Impressionism__edgar-degas_study-of-gentile-bellini-1855_to_Early_Renaissance.png,0.2759301,0.0,0.7090017795562744,0.0
Impressionism,Early_Renaissance,Impressionism__edgar-degas_ancer-with-red-stockings.jpg,Impressionism_Impressionism__edgar-degas_ancer-with-red-stockings_to_Early_Renaissance.png,0.34059143,0.0,0.6905757784843445,0.0
Impressionism,Early_Renaissance,Impressionism__eugene-boudin_the-port-ships-at-dock.jpg,Impressionism_Impressionism__eugene-boudin_the-port-ships-at-dock_to_Early_Renaissance.png,0.39568144,0.0,0.5992248058319092,0.0
Minimalism,Early_Renaissance,Minimalism__robert-mangold_untitled-fcpa-1995.jpg,Minimalism_Minimalism__robert-mangold_untitled-fcpa-1995_to_Early_Renaissance.png,0.22303033,0.0,0.6494743227958679,0.0
Minimalism,Early_Renaissance,Minimalism__judy-chicago_morning-fan-1971.jpg,Minimalism_Minimalism__judy-chicago_morning-fan-1971_to_Early_Renaissance.png,0.2487899,0.0,0.6353660821914673,0.0
Minimalism,Early_Renaissance,Minimalism__joan-hernandez-pijuan_nuvol-rosa-2-1990.jpg,Minimalism_Minimalism__joan-hernandez-pijuan_nuvol-rosa-2-1990_to_Early_Renaissance.png,0.2570654,0.0,0.6605309247970581,0.0
Minimalism,Early_Renaissance,Minimalism__tony-smith_die-1968.jpg,Minimalism_Minimalism__tony-smith_die-1968_to_Early_Renaissance.png,0.2506582,0.0,0.638606071472168,0.0
Minimalism,Impressionism,Minimalism__robert-mangold_untitled-fcpa-1995.jpg,Minimalism_Minimalism__robert-mangold_untitled-fcpa-1995_to_Impressionism.png,0.22061594,0.0,0.7044276595115662,0.0
Minimalism,Impressionism,Minimalism__judy-chicago_morning-fan-1971.jpg,Minimalism_Minimalism__judy-chicago_morning-fan-1971_to_Impressionism.png,0.23584154,0.0,0.7038569450378418,0.0
Minimalism,Impressionism,Minimalism__joan-hernandez-pijuan_nuvol-rosa-2-1990.jpg,Minimalism_Minimalism__joan-hernandez-pijuan_nuvol-rosa-2-1990_to_Impressionism.png,0.2609235,0.0,0.708025336265564,0.0
Minimalism,Impressionism,Minimalism__tony-smith_die-1968.jpg,Minimalism_Minimalism__tony-smith_die-1968_to_Impressionism.png,0.25845706,0.0,0.6713730096817017,0.0
Impressionism,Minimalism,Impressionism__camille-pissarro_the-gardener-afternoon-sun-eragny-1899.jpg,Impressionism_Impressionism__camille-pissarro_the-gardener-afternoon-sun-eragny-1899_to_Minimalism.png,0.490906,0.0,0.6531233787536621,0.0
Impressionism,Minimalism,Impressionism__edgar-degas_study-of-gentile-bellini-1855.jpg,Impressionism_Impressionism__edgar-degas_study-of-gentile-bellini-1855_to_Minimalism.png,0.2896859,0.0,0.7642087936401367,0.0
Impressionism,Minimalism,Impressionism__edgar-degas_ancer-with-red-stockings.jpg,Impressionism_Impressionism__edgar-degas_ancer-with-red-stockings_to_Minimalism.png,0.36745125,0.0,0.7483615875244141,0.0
Impressionism,Minimalism,Impressionism__eugene-boudin_the-port-ships-at-dock.jpg,Impressionism_Impressionism__eugene-boudin_the-port-ships-at-dock_to_Minimalism.png,0.4045028,0.0,0.6315114498138428,0.0
Impressionism,Rococo,Impressionism__camille-pissarro_the-gardener-afternoon-sun-eragny-1899.jpg,Impressionism_Impressionism__camille-pissarro_the-gardener-afternoon-sun-eragny-1899_to_Rococo.png,0.46021658,0.0,0.675029993057251,0.0
Impressionism,Rococo,Impressionism__edgar-degas_study-of-gentile-bellini-1855.jpg,Impressionism_Impressionism__edgar-degas_study-of-gentile-bellini-1855_to_Rococo.png,0.275211,0.0,0.7062512040138245,0.0
Impressionism,Rococo,Impressionism__edgar-degas_ancer-with-red-stockings.jpg,Impressionism_Impressionism__edgar-degas_ancer-with-red-stockings_to_Rococo.png,0.33973137,0.0,0.7170408964157104,0.0
Impressionism,Rococo,Impressionism__eugene-boudin_the-port-ships-at-dock.jpg,Impressionism_Impressionism__eugene-boudin_the-port-ships-at-dock_to_Rococo.png,0.387002,0.0,0.7158135771751404,0.0
Minimalism,Rococo,Minimalism__robert-mangold_untitled-fcpa-1995.jpg,Minimalism_Minimalism__robert-mangold_untitled-fcpa-1995_to_Rococo.png,0.22567746,0.0,0.6301554441452026,0.0
Minimalism,Rococo,Minimalism__judy-chicago_morning-fan-1971.jpg,Minimalism_Minimalism__judy-chicago_morning-fan-1971_to_Rococo.png,0.24016693,0.0,0.6207369565963745,0.0
Minimalism,Rococo,Minimalism__joan-hernandez-pijuan_nuvol-rosa-2-1990.jpg,Minimalism_Minimalism__joan-hernandez-pijuan_nuvol-rosa-2-1990_to_Rococo.png,0.25806308,0.0,0.6347286701202393,0.0
Minimalism,Rococo,Minimalism__tony-smith_die-1968.jpg,Minimalism_Minimalism__tony-smith_die-1968_to_Rococo.png,0.25646397,0.0,0.6287983059883118,0.0
Impressionism,Ukiyo_e,Impressionism__camille-pissarro_the-gardener-afternoon-sun-eragny-1899.jpg,Impressionism_Impressionism__camille-pissarro_the-gardener-afternoon-sun-eragny-1899_to_Ukiyo_e.png,0.46506652,0.0,0.6223540306091309,0.0
Impressionism,Ukiyo_e,Impressionism__edgar-degas_study-of-gentile-bellini-1855.jpg,Impressionism_Impressionism__edgar-degas_study-of-gentile-bellini-1855_to_Ukiyo_e.png,0.28102073,0.0,0.652091920375824,0.0
Impressionism,Ukiyo_e,Impressionism__edgar-degas_ancer-with-red-stockings.jpg,Impressionism_Impressionism__edgar-degas_ancer-with-red-stockings_to_Ukiyo_e.png,0.3451171,0.0,0.706381618976593,0.0
Impressionism,Ukiyo_e,Impressionism__eugene-boudin_the-port-ships-at-dock.jpg,Impressionism_Impressionism__eugene-boudin_the-port-ships-at-dock_to_Ukiyo_e.png,0.39223164,0.0,0.6352791786193848,0.0
Minimalism,Ukiyo_e,Minimalism__robert-mangold_untitled-fcpa-1995.jpg,Minimalism_Minimalism__robert-mangold_untitled-fcpa-1995_to_Ukiyo_e.png,0.22686166,0.0,0.67085862159729,0.0
Minimalism,Ukiyo_e,Minimalism__judy-chicago_morning-fan-1971.jpg,Minimalism_Minimalism__judy-chicago_morning-fan-1971_to_Ukiyo_e.png,0.25159007,0.0,0.6693862676620483,0.0
Minimalism,Ukiyo_e,Minimalism__joan-hernandez-pijuan_nuvol-rosa-2-1990.jpg,Minimalism_Minimalism__joan-hernandez-pijuan_nuvol-rosa-2-1990_to_Ukiyo_e.png,0.26910305,0.0,0.665076732635498,0.0
Minimalism,Ukiyo_e,Minimalism__tony-smith_die-1968.jpg,Minimalism_Minimalism__tony-smith_die-1968_to_Ukiyo_e.png,0.2579176,0.0,0.619726300239563,0.0
Minimalism,Early_Renaissance,Minimalism__robert-ryman_surface-veil-1970.jpg,Minimalism_Minimalism__robert-ryman_surface-veil-1970_to_Early_Renaissance.png,0.22189438,0.0,0.6140118837356567,0.0
Minimalism,Early_Renaissance,Minimalism__eva-hesse_expanded-expansion-1969.jpg,Minimalism_Minimalism__eva-hesse_expanded-expansion-1969_to_Early_Renaissance.png,0.2385425,0.0,0.6588926911354065,0.0
Minimalism,Early_Renaissance,Minimalism__ellsworth-kelly_diagonal-1951.jpg,Minimalism_Minimalism__ellsworth-kelly_diagonal-1951_to_Early_Renaissance.png,0.14763886,0.0,0.6732094287872314,0.0
Minimalism,Early_Renaissance,Minimalism__john-mclaughlin_number-13-1973.jpg,Minimalism_Minimalism__john-mclaughlin_number-13-1973_to_Early_Renaissance.png,0.46424747,0.0,0.5889281630516052,0.0
Minimalism,Early_Renaissance,Minimalism__joan-hernandez-pijuan_untitled-120-1999.jpg,Minimalism_Minimalism__joan-hernandez-pijuan_untitled-120-1999_to_Early_Renaissance.png,0.21580161,0.0,0.604773998260498,0.0
Minimalism,Early_Renaissance,Minimalism__mira-schendel_untitled-1984.jpg,Minimalism_Minimalism__mira-schendel_untitled-1984_to_Early_Renaissance.png,0.27755627,0.0,0.6135327816009521,0.0
Rococo,Early_Renaissance,Rococo__joshua-reynolds_colonel-george-k-h-coussmaker-grenadier-guards.jpg,Rococo_Rococo__joshua-reynolds_colonel-george-k-h-coussmaker-grenadier-guards_to_Early_Renaissance.png,0.4714151,0.0,0.7169662117958069,0.0
Rococo,Early_Renaissance,Rococo__giovanni-domenico-tiepolo_christ-s-fall-on-the-way-to-calvary-1772.jpg,Rococo_Rococo__giovanni-domenico-tiepolo_christ-s-fall-on-the-way-to-calvary-1772_to_Early_Renaissance.png,0.44444802,0.0,0.8023608922958374,0.0
Minimalism,Impressionism,Minimalism__robert-ryman_surface-veil-1970.jpg,Minimalism_Minimalism__robert-ryman_surface-veil-1970_to_Impressionism.png,0.22174533,0.0,0.594670295715332,0.0
Minimalism,Impressionism,Minimalism__eva-hesse_expanded-expansion-1969.jpg,Minimalism_Minimalism__eva-hesse_expanded-expansion-1969_to_Impressionism.png,0.2430445,0.0,0.6879669427871704,0.0
Minimalism,Impressionism,Minimalism__ellsworth-kelly_diagonal-1951.jpg,Minimalism_Minimalism__ellsworth-kelly_diagonal-1951_to_Impressionism.png,0.1486531,0.0,0.667259693145752,0.0
Minimalism,Impressionism,Minimalism__john-mclaughlin_number-13-1973.jpg,Minimalism_Minimalism__john-mclaughlin_number-13-1973_to_Impressionism.png,0.46615645,0.0,0.6123592853546143,0.0
Minimalism,Impressionism,Minimalism__joan-hernandez-pijuan_untitled-120-1999.jpg,Minimalism_Minimalism__joan-hernandez-pijuan_untitled-120-1999_to_Impressionism.png,0.21373242,0.0,0.657958984375,0.0
Minimalism,Impressionism,Minimalism__mira-schendel_untitled-1984.jpg,Minimalism_Minimalism__mira-schendel_untitled-1984_to_Impressionism.png,0.2739332,0.0,0.6164032220840454,0.0
Rococo,Impressionism,Rococo__joshua-reynolds_colonel-george-k-h-coussmaker-grenadier-guards.jpg,Rococo_Rococo__joshua-reynolds_colonel-george-k-h-coussmaker-grenadier-guards_to_Impressionism.png,0.4751873,0.0,0.6849282383918762,0.0
Rococo,Impressionism,Rococo__giovanni-domenico-tiepolo_christ-s-fall-on-the-way-to-calvary-1772.jpg,Rococo_Rococo__giovanni-domenico-tiepolo_christ-s-fall-on-the-way-to-calvary-1772_to_Impressionism.png,0.44636258,0.0,0.740484893321991,0.0
Rococo,Minimalism,Rococo__joshua-reynolds_colonel-george-k-h-coussmaker-grenadier-guards.jpg,Rococo_Rococo__joshua-reynolds_colonel-george-k-h-coussmaker-grenadier-guards_to_Minimalism.png,0.5033454,0.0,0.6119034886360168,0.0
Rococo,Minimalism,Rococo__giovanni-domenico-tiepolo_christ-s-fall-on-the-way-to-calvary-1772.jpg,Rococo_Rococo__giovanni-domenico-tiepolo_christ-s-fall-on-the-way-to-calvary-1772_to_Minimalism.png,0.4742607,0.0,0.6745631694793701,0.0
Minimalism,Rococo,Minimalism__robert-ryman_surface-veil-1970.jpg,Minimalism_Minimalism__robert-ryman_surface-veil-1970_to_Rococo.png,0.22607231,0.0,0.5705198049545288,0.0
Minimalism,Rococo,Minimalism__eva-hesse_expanded-expansion-1969.jpg,Minimalism_Minimalism__eva-hesse_expanded-expansion-1969_to_Rococo.png,0.23928662,0.0,0.6339678168296814,0.0
Minimalism,Rococo,Minimalism__ellsworth-kelly_diagonal-1951.jpg,Minimalism_Minimalism__ellsworth-kelly_diagonal-1951_to_Rococo.png,0.157848,0.0,0.6548563241958618,0.0
Minimalism,Rococo,Minimalism__john-mclaughlin_number-13-1973.jpg,Minimalism_Minimalism__john-mclaughlin_number-13-1973_to_Rococo.png,0.45599055,0.0,0.605085551738739,0.0
Minimalism,Rococo,Minimalism__joan-hernandez-pijuan_untitled-120-1999.jpg,Minimalism_Minimalism__joan-hernandez-pijuan_untitled-120-1999_to_Rococo.png,0.21362889,0.0,0.5893452167510986,0.0
Minimalism,Rococo,Minimalism__mira-schendel_untitled-1984.jpg,Minimalism_Minimalism__mira-schendel_untitled-1984_to_Rococo.png,0.27523336,0.0,0.5769366025924683,0.0
Minimalism,Ukiyo_e,Minimalism__robert-ryman_surface-veil-1970.jpg,Minimalism_Minimalism__robert-ryman_surface-veil-1970_to_Ukiyo_e.png,0.22294481,0.0,0.6307157278060913,0.0
Minimalism,Ukiyo_e,Minimalism__eva-hesse_expanded-expansion-1969.jpg,Minimalism_Minimalism__eva-hesse_expanded-expansion-1969_to_Ukiyo_e.png,0.2461614,0.0,0.6601589322090149,0.0
Minimalism,Ukiyo_e,Minimalism__ellsworth-kelly_diagonal-1951.jpg,Minimalism_Minimalism__ellsworth-kelly_diagonal-1951_to_Ukiyo_e.png,0.15446909,0.0,0.6910946369171143,0.0
Minimalism,Ukiyo_e,Minimalism__john-mclaughlin_number-13-1973.jpg,Minimalism_Minimalism__john-mclaughlin_number-13-1973_to_Ukiyo_e.png,0.4761861,0.0,0.6201778054237366,0.0
Minimalism,Ukiyo_e,Minimalism__joan-hernandez-pijuan_untitled-120-1999.jpg,Minimalism_Minimalism__joan-hernandez-pijuan_untitled-120-1999_to_Ukiyo_e.png,0.22031264,0.0,0.6537379026412964,0.0
Minimalism,Ukiyo_e,Minimalism__mira-schendel_untitled-1984.jpg,Minimalism_Minimalism__mira-schendel_untitled-1984_to_Ukiyo_e.png,0.28318512,0.0,0.5980449914932251,0.0
Rococo,Ukiyo_e,Rococo__joshua-reynolds_colonel-george-k-h-coussmaker-grenadier-guards.jpg,Rococo_Rococo__joshua-reynolds_colonel-george-k-h-coussmaker-grenadier-guards_to_Ukiyo_e.png,0.47372094,0.0,0.6383793354034424,0.0
Rococo,Ukiyo_e,Rococo__giovanni-domenico-tiepolo_christ-s-fall-on-the-way-to-calvary-1772.jpg,Rococo_Rococo__giovanni-domenico-tiepolo_christ-s-fall-on-the-way-to-calvary-1772_to_Ukiyo_e.png,0.44772804,0.0,0.7051042318344116,0.0
Rococo,Early_Renaissance,Rococo__dmitry-levitzky_maria-feodorovna.jpg,Rococo_Rococo__dmitry-levitzky_maria-feodorovna_to_Early_Renaissance.png,0.32474884,0.0,0.6790963411331177,0.0
Rococo,Early_Renaissance,Rococo__thomas-gainsborough_a-peasant-girl-with-dog-and-jug-1785.jpg,Rococo_Rococo__thomas-gainsborough_a-peasant-girl-with-dog-and-jug-1785_to_Early_Renaissance.png,0.41967225,0.0,0.7316882610321045,0.0
Rococo,Early_Renaissance,Rococo__maurice-quentin-de-la-tour_marie-josephe-of-saxony-1.jpg,Rococo_Rococo__maurice-quentin-de-la-tour_marie-josephe-of-saxony-1_to_Early_Renaissance.png,0.36191136,0.0,0.6631495952606201,0.0
Rococo,Early_Renaissance,Rococo__bernardo-bellotto_view-of-dresden-the-dresden-fortifications-moat-with-a-bridge-between-gate-and-post-mile-pillar.jpg,Rococo_Rococo__bernardo-bellotto_view-of-dresden-the-dresden-fortifications-moat-with-a-bridge-between-gate-and-post-mile-pillar_to_Early_Renaissance.png,0.33627868,0.0,0.7273966073989868,0.0
Rococo,Early_Renaissance,Rococo__bernardo-bellotto_pirna-seen-from-the-right-bank-of-the-elbe.jpg,Rococo_Rococo__bernardo-bellotto_pirna-seen-from-the-right-bank-of-the-elbe_to_Early_Renaissance.png,0.39280814,0.0,0.7176149487495422,0.0
Rococo,Early_Renaissance,Rococo__dmitry-levitzky_portrait-of-unknown-woman-with-a-rose-1788.jpg,Rococo_Rococo__dmitry-levitzky_portrait-of-unknown-woman-with-a-rose-1788_to_Early_Renaissance.png,0.35719025,0.0,0.6677911281585693,0.0
Rococo,Early_Renaissance,Rococo__dmitry-levitzky_portrait-of-maria-palovna-narychkina-1773.jpg,Rococo_Rococo__dmitry-levitzky_portrait-of-maria-palovna-narychkina-1773_to_Early_Renaissance.png,0.4054823,0.0,0.6942261457443237,0.0
Rococo,Early_Renaissance,Rococo__giovanni-domenico-tiepolo_the-new-world-1797.jpg,Rococo_Rococo__giovanni-domenico-tiepolo_the-new-world-1797_to_Early_Renaissance.png,0.3837809,0.0,0.733700156211853,0.0
Rococo,Impressionism,Rococo__dmitry-levitzky_maria-feodorovna.jpg,Rococo_Rococo__dmitry-levitzky_maria-feodorovna_to_Impressionism.png,0.3291892,0.0,0.6603413820266724,0.0
Rococo,Impressionism,Rococo__thomas-gainsborough_a-peasant-girl-with-dog-and-jug-1785.jpg,Rococo_Rococo__thomas-gainsborough_a-peasant-girl-with-dog-and-jug-1785_to_Impressionism.png,0.42187977,0.0,0.7960067987442017,0.0
Rococo,Impressionism,Rococo__maurice-quentin-de-la-tour_marie-josephe-of-saxony-1.jpg,Rococo_Rococo__maurice-quentin-de-la-tour_marie-josephe-of-saxony-1_to_Impressionism.png,0.3698426,0.0,0.6556645631790161,0.0
Rococo,Impressionism,Rococo__bernardo-bellotto_view-of-dresden-the-dresden-fortifications-moat-with-a-bridge-between-gate-and-post-mile-pillar.jpg,Rococo_Rococo__bernardo-bellotto_view-of-dresden-the-dresden-fortifications-moat-with-a-bridge-between-gate-and-post-mile-pillar_to_Impressionism.png,0.33101588,0.0,0.7885783910751343,0.0
Rococo,Impressionism,Rococo__bernardo-bellotto_pirna-seen-from-the-right-bank-of-the-elbe.jpg,Rococo_Rococo__bernardo-bellotto_pirna-seen-from-the-right-bank-of-the-elbe_to_Impressionism.png,0.3815491,0.0,0.8643530607223511,0.0
Rococo,Impressionism,Rococo__dmitry-levitzky_portrait-of-unknown-woman-with-a-rose-1788.jpg,Rococo_Rococo__dmitry-levitzky_portrait-of-unknown-woman-with-a-rose-1788_to_Impressionism.png,0.3613912,0.0,0.6687808632850647,0.0
Rococo,Impressionism,Rococo__dmitry-levitzky_portrait-of-maria-palovna-narychkina-1773.jpg,Rococo_Rococo__dmitry-levitzky_portrait-of-maria-palovna-narychkina-1773_to_Impressionism.png,0.4063484,0.0,0.6599048376083374,0.0
Rococo,Impressionism,Rococo__giovanni-domenico-tiepolo_the-new-world-1797.jpg,Rococo_Rococo__giovanni-domenico-tiepolo_the-new-world-1797_to_Impressionism.png,0.3836462,0.0,0.8119460344314575,0.0
Rococo,Minimalism,Rococo__dmitry-levitzky_maria-feodorovna.jpg,Rococo_Rococo__dmitry-levitzky_maria-feodorovna_to_Minimalism.png,0.35517746,0.0,0.6502521634101868,0.0
Rococo,Minimalism,Rococo__thomas-gainsborough_a-peasant-girl-with-dog-and-jug-1785.jpg,Rococo_Rococo__thomas-gainsborough_a-peasant-girl-with-dog-and-jug-1785_to_Minimalism.png,0.45873746,0.0,0.7179207801818848,0.0
Rococo,Minimalism,Rococo__maurice-quentin-de-la-tour_marie-josephe-of-saxony-1.jpg,Rococo_Rococo__maurice-quentin-de-la-tour_marie-josephe-of-saxony-1_to_Minimalism.png,0.40576297,0.0,0.6103799343109131,0.0
Rococo,Minimalism,Rococo__bernardo-bellotto_view-of-dresden-the-dresden-fortifications-moat-with-a-bridge-between-gate-and-post-mile-pillar.jpg,Rococo_Rococo__bernardo-bellotto_view-of-dresden-the-dresden-fortifications-moat-with-a-bridge-between-gate-and-post-mile-pillar_to_Minimalism.png,0.3651591,0.0,0.7101329565048218,0.0
Rococo,Minimalism,Rococo__bernardo-bellotto_pirna-seen-from-the-right-bank-of-the-elbe.jpg,Rococo_Rococo__bernardo-bellotto_pirna-seen-from-the-right-bank-of-the-elbe_to_Minimalism.png,0.3943063,0.0,0.6718086004257202,0.0
Rococo,Minimalism,Rococo__dmitry-levitzky_portrait-of-unknown-woman-with-a-rose-1788.jpg,Rococo_Rococo__dmitry-levitzky_portrait-of-unknown-woman-with-a-rose-1788_to_Minimalism.png,0.3965554,0.0,0.6195661425590515,0.0
Rococo,Minimalism,Rococo__dmitry-levitzky_portrait-of-maria-palovna-narychkina-1773.jpg,Rococo_Rococo__dmitry-levitzky_portrait-of-maria-palovna-narychkina-1773_to_Minimalism.png,0.44240832,0.0,0.6708523035049438,0.0
Rococo,Minimalism,Rococo__giovanni-domenico-tiepolo_the-new-world-1797.jpg,Rococo_Rococo__giovanni-domenico-tiepolo_the-new-world-1797_to_Minimalism.png,0.4102506,0.0,0.7513253688812256,0.0
Rococo,Ukiyo_e,Rococo__dmitry-levitzky_maria-feodorovna.jpg,Rococo_Rococo__dmitry-levitzky_maria-feodorovna_to_Ukiyo_e.png,0.32958606,0.0,0.6431071162223816,0.0
Rococo,Ukiyo_e,Rococo__thomas-gainsborough_a-peasant-girl-with-dog-and-jug-1785.jpg,Rococo_Rococo__thomas-gainsborough_a-peasant-girl-with-dog-and-jug-1785_to_Ukiyo_e.png,0.4266492,0.0,0.7456986308097839,0.0
Rococo,Ukiyo_e,Rococo__maurice-quentin-de-la-tour_marie-josephe-of-saxony-1.jpg,Rococo_Rococo__maurice-quentin-de-la-tour_marie-josephe-of-saxony-1_to_Ukiyo_e.png,0.37430295,0.0,0.6133487224578857,0.0
Rococo,Ukiyo_e,Rococo__bernardo-bellotto_view-of-dresden-the-dresden-fortifications-moat-with-a-bridge-between-gate-and-post-mile-pillar.jpg,Rococo_Rococo__bernardo-bellotto_view-of-dresden-the-dresden-fortifications-moat-with-a-bridge-between-gate-and-post-mile-pillar_to_Ukiyo_e.png,0.33998576,0.0,0.6733863353729248,0.0
Rococo,Ukiyo_e,Rococo__bernardo-bellotto_pirna-seen-from-the-right-bank-of-the-elbe.jpg,Rococo_Rococo__bernardo-bellotto_pirna-seen-from-the-right-bank-of-the-elbe_to_Ukiyo_e.png,0.38676348,0.0,0.6940241456031799,0.0
Rococo,Ukiyo_e,Rococo__dmitry-levitzky_portrait-of-unknown-woman-with-a-rose-1788.jpg,Rococo_Rococo__dmitry-levitzky_portrait-of-unknown-woman-with-a-rose-1788_to_Ukiyo_e.png,0.36789644,0.0,0.6290349960327148,0.0
Rococo,Ukiyo_e,Rococo__dmitry-levitzky_portrait-of-maria-palovna-narychkina-1773.jpg,Rococo_Rococo__dmitry-levitzky_portrait-of-maria-palovna-narychkina-1773_to_Ukiyo_e.png,0.40993536,0.0,0.6215359568595886,0.0
Rococo,Ukiyo_e,Rococo__giovanni-domenico-tiepolo_the-new-world-1797.jpg,Rococo_Rococo__giovanni-domenico-tiepolo_the-new-world-1797_to_Ukiyo_e.png,0.3850534,0.0,0.6738771200180054,0.0
Ukiyo_e,Early_Renaissance,Ukiyo_e__utagawa-kunisada_not_detected_240381(1).jpg,Ukiyo_e_Ukiyo_e__utagawa-kunisada_not_detected_240381(1)_to_Early_Renaissance.png,0.3690756,0.0,0.7484426498413086,0.0
Ukiyo_e,Early_Renaissance,Ukiyo_e__tsukioka-yoshitoshi_not_detected_242419.jpg,Ukiyo_e_Ukiyo_e__tsukioka-yoshitoshi_not_detected_242419_to_Early_Renaissance.png,0.34040862,0.0,0.6524204015731812,0.0
Ukiyo_e,Early_Renaissance,Ukiyo_e__kitagawa-utamaro_upon-my-oath.jpg,Ukiyo_e_Ukiyo_e__kitagawa-utamaro_upon-my-oath_to_Early_Renaissance.png,0.29371905,0.0,0.691535472869873,0.0
Ukiyo_e,Early_Renaissance,Ukiyo_e__utagawa-kuniyoshi_tamatori-being-pursued-bya-dragon.jpg,Ukiyo_e_Ukiyo_e__utagawa-kuniyoshi_tamatori-being-pursued-bya-dragon_to_Early_Renaissance.png,0.4110126,0.0,0.7917935848236084,0.0
Ukiyo_e,Early_Renaissance,Ukiyo_e__utagawa-kuniyoshi_a-record-of-origins-of-the-great-country-of-japan.jpg,Ukiyo_e_Ukiyo_e__utagawa-kuniyoshi_a-record-of-origins-of-the-great-country-of-japan_to_Early_Renaissance.png,0.32151645,0.0,0.738592267036438,0.0
Ukiyo_e,Early_Renaissance,Ukiyo_e__katsushika-hokusai_woman-looking-at-herself-in-a-mirror.jpg,Ukiyo_e_Ukiyo_e__katsushika-hokusai_woman-looking-at-herself-in-a-mirror_to_Early_Renaissance.png,0.30126834,0.0,0.6747910380363464,0.0
Ukiyo_e,Early_Renaissance,Ukiyo_e__katsushika-hokusai_ono-shindon-in-the-suraga-province.jpg,Ukiyo_e_Ukiyo_e__katsushika-hokusai_ono-shindon-in-the-suraga-province_to_Early_Renaissance.png,0.31704217,0.0,0.721398651599884,0.0
Ukiyo_e,Early_Renaissance,Ukiyo_e__ogata-gekko_nihon-hana-zue-1896.jpg,Ukiyo_e_Ukiyo_e__ogata-gekko_nihon-hana-zue-1896_to_Early_Renaissance.png,0.3232094,0.0,0.6947904825210571,0.0
Ukiyo_e,Impressionism,Ukiyo_e__utagawa-kunisada_not_detected_240381(1).jpg,Ukiyo_e_Ukiyo_e__utagawa-kunisada_not_detected_240381(1)_to_Impressionism.png,0.36570042,0.0,0.8112433552742004,0.0
Ukiyo_e,Impressionism,Ukiyo_e__tsukioka-yoshitoshi_not_detected_242419.jpg,Ukiyo_e_Ukiyo_e__tsukioka-yoshitoshi_not_detected_242419_to_Impressionism.png,0.33571652,0.0,0.7192718982696533,0.0
Ukiyo_e,Impressionism,Ukiyo_e__kitagawa-utamaro_upon-my-oath.jpg,Ukiyo_e_Ukiyo_e__kitagawa-utamaro_upon-my-oath_to_Impressionism.png,0.28839326,0.0,0.7071951031684875,0.0
Ukiyo_e,Impressionism,Ukiyo_e__utagawa-kuniyoshi_tamatori-being-pursued-bya-dragon.jpg,Ukiyo_e_Ukiyo_e__utagawa-kuniyoshi_tamatori-being-pursued-bya-dragon_to_Impressionism.png,0.4060796,0.0,0.721031665802002,0.0
Ukiyo_e,Impressionism,Ukiyo_e__utagawa-kuniyoshi_a-record-of-origins-of-the-great-country-of-japan.jpg,Ukiyo_e_Ukiyo_e__utagawa-kuniyoshi_a-record-of-origins-of-the-great-country-of-japan_to_Impressionism.png,0.31858313,0.0,0.7381479740142822,0.0
Ukiyo_e,Impressionism,Ukiyo_e__katsushika-hokusai_woman-looking-at-herself-in-a-mirror.jpg,Ukiyo_e_Ukiyo_e__katsushika-hokusai_woman-looking-at-herself-in-a-mirror_to_Impressionism.png,0.29234606,0.0,0.6828624606132507,0.0
Ukiyo_e,Impressionism,Ukiyo_e__katsushika-hokusai_ono-shindon-in-the-suraga-province.jpg,Ukiyo_e_Ukiyo_e__katsushika-hokusai_ono-shindon-in-the-suraga-province_to_Impressionism.png,0.31012055,0.0,0.7138059139251709,0.0
Ukiyo_e,Impressionism,Ukiyo_e__ogata-gekko_nihon-hana-zue-1896.jpg,Ukiyo_e_Ukiyo_e__ogata-gekko_nihon-hana-zue-1896_to_Impressionism.png,0.3217694,0.0,0.799856960773468,0.0
Ukiyo_e,Minimalism,Ukiyo_e__utagawa-kunisada_not_detected_240381(1).jpg,Ukiyo_e_Ukiyo_e__utagawa-kunisada_not_detected_240381(1)_to_Minimalism.png,0.4074174,0.0,0.8344711661338806,0.0
Ukiyo_e,Minimalism,Ukiyo_e__tsukioka-yoshitoshi_not_detected_242419.jpg,Ukiyo_e_Ukiyo_e__tsukioka-yoshitoshi_not_detected_242419_to_Minimalism.png,0.3591393,0.0,0.7289562225341797,0.0
Ukiyo_e,Minimalism,Ukiyo_e__kitagawa-utamaro_upon-my-oath.jpg,Ukiyo_e_Ukiyo_e__kitagawa-utamaro_upon-my-oath_to_Minimalism.png,0.2983574,0.0,0.6994522213935852,0.0
Ukiyo_e,Minimalism,Ukiyo_e__utagawa-kuniyoshi_tamatori-being-pursued-bya-dragon.jpg,Ukiyo_e_Ukiyo_e__utagawa-kuniyoshi_tamatori-being-pursued-bya-dragon_to_Minimalism.png,0.43398106,0.0,0.7256031036376953,0.0
Ukiyo_e,Minimalism,Ukiyo_e__utagawa-kuniyoshi_a-record-of-origins-of-the-great-country-of-japan.jpg,Ukiyo_e_Ukiyo_e__utagawa-kuniyoshi_a-record-of-origins-of-the-great-country-of-japan_to_Minimalism.png,0.35390252,0.0,0.719013512134552,0.0
Ukiyo_e,Minimalism,Ukiyo_e__katsushika-hokusai_woman-looking-at-herself-in-a-mirror.jpg,Ukiyo_e_Ukiyo_e__katsushika-hokusai_woman-looking-at-herself-in-a-mirror_to_Minimalism.png,0.3253904,0.0,0.7746664881706238,0.0
Ukiyo_e,Minimalism,Ukiyo_e__katsushika-hokusai_ono-shindon-in-the-suraga-province.jpg,Ukiyo_e_Ukiyo_e__katsushika-hokusai_ono-shindon-in-the-suraga-province_to_Minimalism.png,0.33492827,0.0,0.7321160435676575,0.0
Ukiyo_e,Minimalism,Ukiyo_e__ogata-gekko_nihon-hana-zue-1896.jpg,Ukiyo_e_Ukiyo_e__ogata-gekko_nihon-hana-zue-1896_to_Minimalism.png,0.3415086,0.0,0.7746073007583618,0.0
Ukiyo_e,Rococo,Ukiyo_e__utagawa-kunisada_not_detected_240381(1).jpg,Ukiyo_e_Ukiyo_e__utagawa-kunisada_not_detected_240381(1)_to_Rococo.png,0.36752087,0.0,0.7407066822052002,0.0
Ukiyo_e,Rococo,Ukiyo_e__tsukioka-yoshitoshi_not_detected_242419.jpg,Ukiyo_e_Ukiyo_e__tsukioka-yoshitoshi_not_detected_242419_to_Rococo.png,0.33339906,0.0,0.6486212611198425,0.0
Ukiyo_e,Rococo,Ukiyo_e__kitagawa-utamaro_upon-my-oath.jpg,Ukiyo_e_Ukiyo_e__kitagawa-utamaro_upon-my-oath_to_Rococo.png,0.2843837,0.0,0.7470842003822327,0.0
Ukiyo_e,Rococo,Ukiyo_e__utagawa-kuniyoshi_tamatori-being-pursued-bya-dragon.jpg,Ukiyo_e_Ukiyo_e__utagawa-kuniyoshi_tamatori-being-pursued-bya-dragon_to_Rococo.png,0.41536814,0.0,0.688833475112915,0.0
Ukiyo_e,Rococo,Ukiyo_e__utagawa-kuniyoshi_a-record-of-origins-of-the-great-country-of-japan.jpg,Ukiyo_e_Ukiyo_e__utagawa-kuniyoshi_a-record-of-origins-of-the-great-country-of-japan_to_Rococo.png,0.31728962,0.0,0.7121062278747559,0.0
Ukiyo_e,Rococo,Ukiyo_e__katsushika-hokusai_woman-looking-at-herself-in-a-mirror.jpg,Ukiyo_e_Ukiyo_e__katsushika-hokusai_woman-looking-at-herself-in-a-mirror_to_Rococo.png,0.2930782,0.0,0.6493687629699707,0.0
Ukiyo_e,Rococo,Ukiyo_e__katsushika-hokusai_ono-shindon-in-the-suraga-province.jpg,Ukiyo_e_Ukiyo_e__katsushika-hokusai_ono-shindon-in-the-suraga-province_to_Rococo.png,0.30494803,0.0,0.6723810434341431,0.0
Ukiyo_e,Rococo,Ukiyo_e__ogata-gekko_nihon-hana-zue-1896.jpg,Ukiyo_e_Ukiyo_e__ogata-gekko_nihon-hana-zue-1896_to_Rococo.png,0.32469863,0.0,0.702378511428833,0.0
Ukiyo_e,Early_Renaissance,Ukiyo_e__kitagawa-utamaro_yama-uba-and-kintaro-1.jpg,Ukiyo_e_Ukiyo_e__kitagawa-utamaro_yama-uba-and-kintaro-1_to_Early_Renaissance.png,0.30317461,0.0,0.6560934782028198,0.0
Ukiyo_e,Early_Renaissance,Ukiyo_e__utagawa-kunisada-ii_oichi-from-the-beauties-of-tokyo-series.jpg,Ukiyo_e_Ukiyo_e__utagawa-kunisada-ii_oichi-from-the-beauties-of-tokyo-series_to_Early_Renaissance.png,0.33940315,0.0,0.7298011779785156,0.0
Ukiyo_e,Impressionism,Ukiyo_e__kitagawa-utamaro_yama-uba-and-kintaro-1.jpg,Ukiyo_e_Ukiyo_e__kitagawa-utamaro_yama-uba-and-kintaro-1_to_Impressionism.png,0.300694,0.0,0.7331590056419373,0.0
Ukiyo_e,Impressionism,Ukiyo_e__utagawa-kunisada-ii_oichi-from-the-beauties-of-tokyo-series.jpg,Ukiyo_e_Ukiyo_e__utagawa-kunisada-ii_oichi-from-the-beauties-of-tokyo-series_to_Impressionism.png,0.3368845,0.0,0.7112902402877808,0.0
Ukiyo_e,Minimalism,Ukiyo_e__kitagawa-utamaro_yama-uba-and-kintaro-1.jpg,Ukiyo_e_Ukiyo_e__kitagawa-utamaro_yama-uba-and-kintaro-1_to_Minimalism.png,0.2946152,0.0,0.7130917310714722,0.0
Ukiyo_e,Minimalism,Ukiyo_e__utagawa-kunisada-ii_oichi-from-the-beauties-of-tokyo-series.jpg,Ukiyo_e_Ukiyo_e__utagawa-kunisada-ii_oichi-from-the-beauties-of-tokyo-series_to_Minimalism.png,0.35963404,0.0,0.7450665235519409,0.0
Ukiyo_e,Rococo,Ukiyo_e__kitagawa-utamaro_yama-uba-and-kintaro-1.jpg,Ukiyo_e_Ukiyo_e__kitagawa-utamaro_yama-uba-and-kintaro-1_to_Rococo.png,0.29749703,0.0,0.6877713203430176,0.0
Ukiyo_e,Rococo,Ukiyo_e__utagawa-kunisada-ii_oichi-from-the-beauties-of-tokyo-series.jpg,Ukiyo_e_Ukiyo_e__utagawa-kunisada-ii_oichi-from-the-beauties-of-tokyo-series_to_Rococo.png,0.33773208,0.0,0.7006822824478149,0.0
