src_style,tgt_style,src_image,gen_image,content_lpips,clip_dir,clip_style,clip_content,pred_style,class_correct
photo,photo,2013-11-17 23_58_45.jpg,images/photo_2013-11-17 23_58_45_to_photo.jpg,0.504135,0.4471244513988495,0.7956879138946533,0.80790347,N/A,N/A
photo,photo,2013-11-17 17_36_09.jpg,images/photo_2013-11-17 17_36_09_to_photo.jpg,0.4207788,0.4951298236846924,0.7569979429244995,0.6953661,N/A,N/A
photo,Hayao,2013-11-17 23_58_45.jpg,images/photo_2013-11-17 23_58_45_to_Hayao.jpg,0.62311244,0.5414770841598511,0.6260844469070435,0.7795475,N/A,N/A
photo,Hayao,2013-11-17 17_36_09.jpg,images/photo_2013-11-17 17_36_09_to_Hayao.jpg,0.5118273,0.6120875477790833,0.660362184047699,0.6699187,N/A,N/A
photo,monet,2013-11-17 23_58_45.jpg,images/photo_2013-11-17 23_58_45_to_monet.jpg,0.49487138,0.5445938110351562,0.7060237526893616,0.8153117,N/A,N/A
photo,monet,2013-11-17 17_36_09.jpg,images/photo_2013-11-17 17_36_09_to_monet.jpg,0.40940034,0.43677955865859985,0.6426817178726196,0.80074704,N/A,N/A
photo,vangogh,2013-11-17 23_58_45.jpg,images/photo_2013-11-17 23_58_45_to_vangogh.jpg,0.5970857,0.5870223045349121,0.7326908111572266,0.80603737,N/A,N/A
photo,vangogh,2013-11-17 17_36_09.jpg,images/photo_2013-11-17 17_36_09_to_vangogh.jpg,0.47301918,0.5639580488204956,0.6866213083267212,0.7733073,N/A,N/A
photo,cezanne,2013-11-17 23_58_45.jpg,images/photo_2013-11-17 23_58_45_to_cezanne.jpg,0.570649,0.5014707446098328,0.6675459742546082,0.7914136,N/A,N/A
photo,cezanne,2013-11-17 17_36_09.jpg,images/photo_2013-11-17 17_36_09_to_cezanne.jpg,0.43567982,0.5923041105270386,0.6795361042022705,0.7121722,N/A,N/A
photo,photo,2013-11-16 04_17_00.jpg,images/photo_2013-11-16 04_17_00_to_photo.jpg,0.5223119,0.3672228753566742,0.5837718844413757,0.7217921,N/A,N/A
photo,photo,2013-11-12 10_29_19.jpg,images/photo_2013-11-12 10_29_19_to_photo.jpg,0.4710666,0.4616464376449585,0.7505514621734619,0.8064635,N/A,N/A
photo,Hayao,2013-11-16 04_17_00.jpg,images/photo_2013-11-16 04_17_00_to_Hayao.jpg,0.5523963,0.5792437791824341,0.6092250943183899,0.6091504,N/A,N/A
photo,Hayao,2013-11-12 10_29_19.jpg,images/photo_2013-11-12 10_29_19_to_Hayao.jpg,0.56089646,0.6323447227478027,0.6521250605583191,0.68540335,N/A,N/A
photo,monet,2013-11-16 04_17_00.jpg,images/photo_2013-11-16 04_17_00_to_monet.jpg,0.5428819,0.31047895550727844,0.4534408450126648,0.7033787,N/A,N/A
photo,monet,2013-11-12 10_29_19.jpg,images/photo_2013-11-12 10_29_19_to_monet.jpg,0.4767294,0.5202289819717407,0.6399422883987427,0.7649398,N/A,N/A
photo,vangogh,2013-11-16 04_17_00.jpg,images/photo_2013-11-16 04_17_00_to_vangogh.jpg,0.59238625,0.5325396656990051,0.6360363364219666,0.7320647,N/A,N/A
photo,vangogh,2013-11-12 10_29_19.jpg,images/photo_2013-11-12 10_29_19_to_vangogh.jpg,0.5677436,0.6324622631072998,0.7075217962265015,0.7271664,N/A,N/A
photo,cezanne,2013-11-16 04_17_00.jpg,images/photo_2013-11-16 04_17_00_to_cezanne.jpg,0.52698696,0.37364691495895386,0.515072226524353,0.74373865,N/A,N/A
photo,cezanne,2013-11-12 10_29_19.jpg,images/photo_2013-11-12 10_29_19_to_cezanne.jpg,0.5332294,0.5573592185974121,0.6436958909034729,0.7355789,N/A,N/A
photo,photo,2013-11-10 19_30_53.jpg,images/photo_2013-11-10 19_30_53_to_photo.jpg,0.46023813,0.5023633241653442,0.8360251188278198,0.80575454,N/A,N/A
photo,photo,2013-11-23 13_03_15.jpg,images/photo_2013-11-23 13_03_15_to_photo.jpg,0.43657467,0.6167302131652832,0.8034201860427856,0.71376526,N/A,N/A
photo,Hayao,2013-11-10 19_30_53.jpg,images/photo_2013-11-10 19_30_53_to_Hayao.jpg,0.5683918,0.5049073696136475,0.6185365915298462,0.80053306,N/A,N/A
photo,Hayao,2013-11-23 13_03_15.jpg,images/photo_2013-11-23 13_03_15_to_Hayao.jpg,0.54020953,0.7047548294067383,0.7021655440330505,0.56630874,N/A,N/A
photo,monet,2013-11-10 19_30_53.jpg,images/photo_2013-11-10 19_30_53_to_monet.jpg,0.47724774,0.45787349343299866,0.6748613715171814,0.80848324,N/A,N/A
photo,monet,2013-11-23 13_03_15.jpg,images/photo_2013-11-23 13_03_15_to_monet.jpg,0.4264654,0.4911782741546631,0.5960032939910889,0.67968416,N/A,N/A
photo,vangogh,2013-11-10 19_30_53.jpg,images/photo_2013-11-10 19_30_53_to_vangogh.jpg,0.5762006,0.5290388464927673,0.6889356970787048,0.7749443,N/A,N/A
photo,vangogh,2013-11-23 13_03_15.jpg,images/photo_2013-11-23 13_03_15_to_vangogh.jpg,0.5270406,0.5985774993896484,0.6462113857269287,0.5741675,N/A,N/A
photo,cezanne,2013-11-10 19_30_53.jpg,images/photo_2013-11-10 19_30_53_to_cezanne.jpg,0.53188074,0.5201147794723511,0.6528010368347168,0.7355588,N/A,N/A
photo,cezanne,2013-11-23 13_03_15.jpg,images/photo_2013-11-23 13_03_15_to_cezanne.jpg,0.5188844,0.5689569711685181,0.6035388708114624,0.55333245,N/A,N/A
photo,photo,2013-11-18 02_42_31.jpg,images/photo_2013-11-18 02_42_31_to_photo.jpg,0.50232637,0.4357048571109772,0.8058411478996277,0.82191837,N/A,N/A
photo,photo,2013-11-11 22_03_00.jpg,images/photo_2013-11-11 22_03_00_to_photo.jpg,0.48133785,0.4691780209541321,0.775871217250824,0.7682873,N/A,N/A
photo,Hayao,2013-11-18 02_42_31.jpg,images/photo_2013-11-18 02_42_31_to_Hayao.jpg,0.57607496,0.5397876501083374,0.6422585248947144,0.7893055,N/A,N/A
photo,Hayao,2013-11-11 22_03_00.jpg,images/photo_2013-11-11 22_03_00_to_Hayao.jpg,0.5944596,0.6519862413406372,0.6944770216941833,0.71185696,N/A,N/A
photo,monet,2013-11-18 02_42_31.jpg,images/photo_2013-11-18 02_42_31_to_monet.jpg,0.47269905,0.37222224473953247,0.6750302314758301,0.9001323,N/A,N/A
photo,monet,2013-11-11 22_03_00.jpg,images/photo_2013-11-11 22_03_00_to_monet.jpg,0.5348912,0.39173078536987305,0.5898149013519287,0.7494229,N/A,N/A
photo,vangogh,2013-11-18 02_42_31.jpg,images/photo_2013-11-18 02_42_31_to_vangogh.jpg,0.49467465,0.5085723400115967,0.7246453762054443,0.8678215,N/A,N/A
photo,vangogh,2013-11-11 22_03_00.jpg,images/photo_2013-11-11 22_03_00_to_vangogh.jpg,0.61813515,0.5181348919868469,0.6637881994247437,0.74663484,N/A,N/A
photo,cezanne,2013-11-18 02_42_31.jpg,images/photo_2013-11-18 02_42_31_to_cezanne.jpg,0.50404716,0.5824177265167236,0.727683424949646,0.80342287,N/A,N/A
photo,cezanne,2013-11-11 22_03_00.jpg,images/photo_2013-11-11 22_03_00_to_cezanne.jpg,0.54589283,0.48057428002357483,0.6136553287506104,0.7417501,N/A,N/A
photo,photo,2013-11-18 08_52_05.jpg,images/photo_2013-11-18 08_52_05_to_photo.jpg,0.47519952,0.6059956550598145,0.7948036193847656,0.72617775,N/A,N/A
photo,photo,2013-11-14 07_04_51.jpg,images/photo_2013-11-14 07_04_51_to_photo.jpg,0.4941608,0.6404911279678345,0.7848095893859863,0.6618465,N/A,N/A
photo,Hayao,2013-11-18 08_52_05.jpg,images/photo_2013-11-18 08_52_05_to_Hayao.jpg,0.5934357,0.5961929559707642,0.6004239916801453,0.74600613,N/A,N/A
photo,Hayao,2013-11-14 07_04_51.jpg,images/photo_2013-11-14 07_04_51_to_Hayao.jpg,0.6026073,0.6649051904678345,0.689739465713501,0.6026978,N/A,N/A
photo,monet,2013-11-18 08_52_05.jpg,images/photo_2013-11-18 08_52_05_to_monet.jpg,0.47894025,0.5778306126594543,0.6754839420318604,0.7052804,N/A,N/A
photo,monet,2013-11-14 07_04_51.jpg,images/photo_2013-11-14 07_04_51_to_monet.jpg,0.49825847,0.5663353800773621,0.6277102828025818,0.6300272,N/A,N/A
photo,vangogh,2013-11-18 08_52_05.jpg,images/photo_2013-11-18 08_52_05_to_vangogh.jpg,0.5921037,0.6134960055351257,0.6896865367889404,0.7235843,N/A,N/A
photo,vangogh,2013-11-14 07_04_51.jpg,images/photo_2013-11-14 07_04_51_to_vangogh.jpg,0.58187485,0.621944785118103,0.6649179458618164,0.5991518,N/A,N/A
photo,cezanne,2013-11-18 08_52_05.jpg,images/photo_2013-11-18 08_52_05_to_cezanne.jpg,0.5287604,0.6180039048194885,0.6809751987457275,0.71215796,N/A,N/A
photo,cezanne,2013-11-14 07_04_51.jpg,images/photo_2013-11-14 07_04_51_to_cezanne.jpg,0.53774947,0.6731870770454407,0.7018322348594666,0.61796784,N/A,N/A
photo,photo,2013-11-19 00_58_04.jpg,images/photo_2013-11-19 00_58_04_to_photo.jpg,0.45815137,0.5445031523704529,0.8150623440742493,0.78262067,N/A,N/A
photo,photo,2013-11-17 14_54_20.jpg,images/photo_2013-11-17 14_54_20_to_photo.jpg,0.44720647,0.3411555886268616,0.7441854476928711,0.83613956,N/A,N/A
photo,Hayao,2013-11-19 00_58_04.jpg,images/photo_2013-11-19 00_58_04_to_Hayao.jpg,0.5477515,0.5977597236633301,0.6679769158363342,0.75969565,N/A,N/A
photo,Hayao,2013-11-17 14_54_20.jpg,images/photo_2013-11-17 14_54_20_to_Hayao.jpg,0.44301522,0.5875550508499146,0.6750717163085938,0.82500756,N/A,N/A
photo,monet,2013-11-19 00_58_04.jpg,images/photo_2013-11-19 00_58_04_to_monet.jpg,0.49094686,0.46397680044174194,0.638965368270874,0.7898195,N/A,N/A
photo,monet,2013-11-17 14_54_20.jpg,images/photo_2013-11-17 14_54_20_to_monet.jpg,0.4502738,0.2942609488964081,0.5808896422386169,0.8400652,N/A,N/A
photo,vangogh,2013-11-19 00_58_04.jpg,images/photo_2013-11-19 00_58_04_to_vangogh.jpg,0.566973,0.5979118943214417,0.7031729221343994,0.76156867,N/A,N/A
photo,vangogh,2013-11-17 14_54_20.jpg,images/photo_2013-11-17 14_54_20_to_vangogh.jpg,0.4551377,0.34209394454956055,0.597226619720459,0.8159351,N/A,N/A
photo,cezanne,2013-11-19 00_58_04.jpg,images/photo_2013-11-19 00_58_04_to_cezanne.jpg,0.51474947,0.5197659730911255,0.6336414813995361,0.7463362,N/A,N/A
photo,cezanne,2013-11-17 14_54_20.jpg,images/photo_2013-11-17 14_54_20_to_cezanne.jpg,0.44552356,0.34587687253952026,0.579820454120636,0.8479495,N/A,N/A
photo,photo,2013-11-12 16_58_40.jpg,images/photo_2013-11-12 16_58_40_to_photo.jpg,0.34796923,0.2487255483865738,0.7504174113273621,0.88089406,N/A,N/A
photo,photo,2013-11-10 12_45_41.jpg,images/photo_2013-11-10 12_45_41_to_photo.jpg,0.46887466,0.6156755089759827,0.7895689606666565,0.6947712,N/A,N/A
photo,Hayao,2013-11-12 16_58_40.jpg,images/photo_2013-11-12 16_58_40_to_Hayao.jpg,0.4912451,0.5480660796165466,0.6512322425842285,0.7627373,N/A,N/A
photo,Hayao,2013-11-10 12_45_41.jpg,images/photo_2013-11-10 12_45_41_to_Hayao.jpg,0.4937426,0.6324606537818909,0.6757420897483826,0.7403954,N/A,N/A
photo,monet,2013-11-12 16_58_40.jpg,images/photo_2013-11-12 16_58_40_to_monet.jpg,0.40467387,0.3739463686943054,0.6549962162971497,0.824737,N/A,N/A
photo,monet,2013-11-10 12_45_41.jpg,images/photo_2013-11-10 12_45_41_to_monet.jpg,0.483231,0.6371508240699768,0.7148321866989136,0.7121707,N/A,N/A
photo,vangogh,2013-11-12 16_58_40.jpg,images/photo_2013-11-12 16_58_40_to_vangogh.jpg,0.5627543,0.4745994508266449,0.6872649192810059,0.79213905,N/A,N/A
photo,vangogh,2013-11-10 12_45_41.jpg,images/photo_2013-11-10 12_45_41_to_vangogh.jpg,0.53083587,0.6286256909370422,0.7107817530632019,0.7140285,N/A,N/A
photo,cezanne,2013-11-12 16_58_40.jpg,images/photo_2013-11-12 16_58_40_to_cezanne.jpg,0.4799223,0.487795889377594,0.6826940178871155,0.80513513,N/A,N/A
photo,cezanne,2013-11-10 12_45_41.jpg,images/photo_2013-11-10 12_45_41_to_cezanne.jpg,0.4998079,0.6411002278327942,0.6986693739891052,0.7169961,N/A,N/A
photo,photo,2013-11-21 05_56_32.jpg,images/photo_2013-11-21 05_56_32_to_photo.jpg,0.47889754,0.4217422604560852,0.7943577766418457,0.7794718,N/A,N/A
photo,photo,2013-11-21 01_47_41.jpg,images/photo_2013-11-21 01_47_41_to_photo.jpg,0.44610357,0.5726778507232666,0.8447232246398926,0.7929886,N/A,N/A
photo,Hayao,2013-11-21 05_56_32.jpg,images/photo_2013-11-21 05_56_32_to_Hayao.jpg,0.541401,0.4067235589027405,0.5767084360122681,0.8364028,N/A,N/A
photo,Hayao,2013-11-21 01_47_41.jpg,images/photo_2013-11-21 01_47_41_to_Hayao.jpg,0.5507679,0.6364313364028931,0.6677943468093872,0.77254117,N/A,N/A
photo,monet,2013-11-21 05_56_32.jpg,images/photo_2013-11-21 05_56_32_to_monet.jpg,0.505147,0.449533611536026,0.6583962440490723,0.78867704,N/A,N/A
photo,monet,2013-11-21 01_47_41.jpg,images/photo_2013-11-21 01_47_41_to_monet.jpg,0.49762458,0.5056185722351074,0.664912760257721,0.72285116,N/A,N/A
photo,vangogh,2013-11-21 05_56_32.jpg,images/photo_2013-11-21 05_56_32_to_vangogh.jpg,0.62398326,0.424579918384552,0.6269242167472839,0.7647859,N/A,N/A
photo,vangogh,2013-11-21 01_47_41.jpg,images/photo_2013-11-21 01_47_41_to_vangogh.jpg,0.602871,0.5903559327125549,0.7053720951080322,0.752133,N/A,N/A
photo,cezanne,2013-11-21 05_56_32.jpg,images/photo_2013-11-21 05_56_32_to_cezanne.jpg,0.5611734,0.4434085488319397,0.6116882562637329,0.77499455,N/A,N/A
photo,cezanne,2013-11-21 01_47_41.jpg,images/photo_2013-11-21 01_47_41_to_cezanne.jpg,0.5517941,0.5636231303215027,0.6733114719390869,0.739865,N/A,N/A
photo,photo,2013-11-12 01_54_20.jpg,images/photo_2013-11-12 01_54_20_to_photo.jpg,0.33706757,0.4980173707008362,0.683456301689148,0.6565987,N/A,N/A
photo,photo,2013-11-17 18_08_26.jpg,images/photo_2013-11-17 18_08_26_to_photo.jpg,0.4098868,0.634357213973999,0.8181295394897461,0.70465815,N/A,N/A
photo,Hayao,2013-11-12 01_54_20.jpg,images/photo_2013-11-12 01_54_20_to_Hayao.jpg,0.41543615,0.6432998180389404,0.6669384241104126,0.6540191,N/A,N/A
photo,Hayao,2013-11-17 18_08_26.jpg,images/photo_2013-11-17 18_08_26_to_Hayao.jpg,0.52508557,0.6270869970321655,0.6574912071228027,0.71998435,N/A,N/A
photo,monet,2013-11-12 01_54_20.jpg,images/photo_2013-11-12 01_54_20_to_monet.jpg,0.4181692,0.4333338141441345,0.5012624263763428,0.6313026,N/A,N/A
photo,monet,2013-11-17 18_08_26.jpg,images/photo_2013-11-17 18_08_26_to_monet.jpg,0.45147768,0.5604819655418396,0.6646361947059631,0.70934415,N/A,N/A
photo,vangogh,2013-11-12 01_54_20.jpg,images/photo_2013-11-12 01_54_20_to_vangogh.jpg,0.5241194,0.5860114097595215,0.6466579437255859,0.64021635,N/A,N/A
photo,vangogh,2013-11-17 18_08_26.jpg,images/photo_2013-11-17 18_08_26_to_vangogh.jpg,0.56115294,0.6639715433120728,0.7415476441383362,0.7165092,N/A,N/A
photo,cezanne,2013-11-12 01_54_20.jpg,images/photo_2013-11-12 01_54_20_to_cezanne.jpg,0.42203927,0.4551217257976532,0.5231997966766357,0.65723443,N/A,N/A
photo,cezanne,2013-11-17 18_08_26.jpg,images/photo_2013-11-17 18_08_26_to_cezanne.jpg,0.49081013,0.6407499313354492,0.7120245695114136,0.7090112,N/A,N/A
photo,photo,2013-11-20 11_21_32.jpg,images/photo_2013-11-20 11_21_32_to_photo.jpg,0.3342719,0.45762068033218384,0.7222232222557068,0.78895414,N/A,N/A
photo,photo,2013-11-08 16_45_24.jpg,images/photo_2013-11-08 16_45_24_to_photo.jpg,0.498587,0.534039318561554,0.767280638217926,0.7330424,N/A,N/A
photo,Hayao,2013-11-20 11_21_32.jpg,images/photo_2013-11-20 11_21_32_to_Hayao.jpg,0.41527098,0.5494089126586914,0.6145780086517334,0.75160074,N/A,N/A
photo,Hayao,2013-11-08 16_45_24.jpg,images/photo_2013-11-08 16_45_24_to_Hayao.jpg,0.57877254,0.6178895235061646,0.6510592699050903,0.68874055,N/A,N/A
photo,monet,2013-11-20 11_21_32.jpg,images/photo_2013-11-20 11_21_32_to_monet.jpg,0.32237664,0.5678282976150513,0.7018145322799683,0.7792394,N/A,N/A
photo,monet,2013-11-08 16_45_24.jpg,images/photo_2013-11-08 16_45_24_to_monet.jpg,0.54312766,0.49570363759994507,0.5747218728065491,0.6556011,N/A,N/A
photo,vangogh,2013-11-20 11_21_32.jpg,images/photo_2013-11-20 11_21_32_to_vangogh.jpg,0.38904274,0.6154042482376099,0.7156226634979248,0.7380535,N/A,N/A
photo,vangogh,2013-11-08 16_45_24.jpg,images/photo_2013-11-08 16_45_24_to_vangogh.jpg,0.6581016,0.5300309658050537,0.6107467412948608,0.7061777,N/A,N/A
photo,cezanne,2013-11-20 11_21_32.jpg,images/photo_2013-11-20 11_21_32_to_cezanne.jpg,0.36322013,0.6107730865478516,0.7021558880805969,0.71885943,N/A,N/A
photo,cezanne,2013-11-08 16_45_24.jpg,images/photo_2013-11-08 16_45_24_to_cezanne.jpg,0.5826223,0.5062805414199829,0.5612186193466187,0.68506515,N/A,N/A
photo,photo,2013-11-22 14_15_50.jpg,images/photo_2013-11-22 14_15_50_to_photo.jpg,0.44371504,0.579669713973999,0.7623371481895447,0.70694125,N/A,N/A
photo,photo,2013-11-14 14_11_02.jpg,images/photo_2013-11-14 14_11_02_to_photo.jpg,0.4883582,0.48257917165756226,0.824455976486206,0.82100075,N/A,N/A
photo,Hayao,2013-11-22 14_15_50.jpg,images/photo_2013-11-22 14_15_50_to_Hayao.jpg,0.5557385,0.6496537923812866,0.6585826277732849,0.68514746,N/A,N/A
photo,Hayao,2013-11-14 14_11_02.jpg,images/photo_2013-11-14 14_11_02_to_Hayao.jpg,0.51946825,0.5909347534179688,0.6511036157608032,0.7679211,N/A,N/A
photo,monet,2013-11-22 14_15_50.jpg,images/photo_2013-11-22 14_15_50_to_monet.jpg,0.45168805,0.5178253650665283,0.6491796374320984,0.79627895,N/A,N/A
photo,monet,2013-11-14 14_11_02.jpg,images/photo_2013-11-14 14_11_02_to_monet.jpg,0.4531315,0.5939546823501587,0.7549231052398682,0.81271243,N/A,N/A
photo,vangogh,2013-11-22 14_15_50.jpg,images/photo_2013-11-22 14_15_50_to_vangogh.jpg,0.5188756,0.5532932281494141,0.6451703310012817,0.7720534,N/A,N/A
photo,vangogh,2013-11-14 14_11_02.jpg,images/photo_2013-11-14 14_11_02_to_vangogh.jpg,0.4690339,0.5996177196502686,0.7573521137237549,0.809205,N/A,N/A
photo,cezanne,2013-11-22 14_15_50.jpg,images/photo_2013-11-22 14_15_50_to_cezanne.jpg,0.50123906,0.5714316368103027,0.6589616537094116,0.750494,N/A,N/A
photo,cezanne,2013-11-14 14_11_02.jpg,images/photo_2013-11-14 14_11_02_to_cezanne.jpg,0.4590703,0.6138268113136292,0.7392506003379822,0.8127346,N/A,N/A
photo,photo,2013-11-19 05_01_31.jpg,images/photo_2013-11-19 05_01_31_to_photo.jpg,0.40360638,0.5276304483413696,0.8124560117721558,0.77525234,N/A,N/A
photo,photo,2013-11-25 10_46_18.jpg,images/photo_2013-11-25 10_46_18_to_photo.jpg,0.4594208,0.33677512407302856,0.8380518555641174,0.89788866,N/A,N/A
photo,Hayao,2013-11-19 05_01_31.jpg,images/photo_2013-11-19 05_01_31_to_Hayao.jpg,0.5083747,0.6583435535430908,0.7120639085769653,0.6856673,N/A,N/A
photo,Hayao,2013-11-25 10_46_18.jpg,images/photo_2013-11-25 10_46_18_to_Hayao.jpg,0.5477595,0.4356266260147095,0.6433426737785339,0.8348613,N/A,N/A
photo,monet,2013-11-19 05_01_31.jpg,images/photo_2013-11-19 05_01_31_to_monet.jpg,0.39553615,0.4831658899784088,0.6733131408691406,0.7959913,N/A,N/A
photo,monet,2013-11-25 10_46_18.jpg,images/photo_2013-11-25 10_46_18_to_monet.jpg,0.49437615,0.3481028079986572,0.6933320760726929,0.87785625,N/A,N/A
photo,vangogh,2013-11-19 05_01_31.jpg,images/photo_2013-11-19 05_01_31_to_vangogh.jpg,0.4967938,0.500788688659668,0.6726910471916199,0.78979504,N/A,N/A
photo,vangogh,2013-11-25 10_46_18.jpg,images/photo_2013-11-25 10_46_18_to_vangogh.jpg,0.5688643,0.4600817561149597,0.7316935658454895,0.8444711,N/A,N/A
photo,cezanne,2013-11-19 05_01_31.jpg,images/photo_2013-11-19 05_01_31_to_cezanne.jpg,0.47489363,0.522442102432251,0.6523352861404419,0.7614448,N/A,N/A
photo,cezanne,2013-11-25 10_46_18.jpg,images/photo_2013-11-25 10_46_18_to_cezanne.jpg,0.5123261,0.4519663155078888,0.6875439882278442,0.81212735,N/A,N/A
photo,photo,2013-11-21 17_44_44.jpg,images/photo_2013-11-21 17_44_44_to_photo.jpg,0.44179007,0.5438717603683472,0.8770577311515808,0.8860397,N/A,N/A
photo,photo,2013-11-18 11_46_45.jpg,images/photo_2013-11-18 11_46_45_to_photo.jpg,0.4561306,0.4277152419090271,0.8180033564567566,0.8585654,N/A,N/A
photo,Hayao,2013-11-21 17_44_44.jpg,images/photo_2013-11-21 17_44_44_to_Hayao.jpg,0.5682159,0.5860574245452881,0.6777411103248596,0.8148668,N/A,N/A
photo,Hayao,2013-11-18 11_46_45.jpg,images/photo_2013-11-18 11_46_45_to_Hayao.jpg,0.50388646,0.48108965158462524,0.6223582029342651,0.8202125,N/A,N/A
photo,monet,2013-11-21 17_44_44.jpg,images/photo_2013-11-21 17_44_44_to_monet.jpg,0.4727548,0.505703866481781,0.7084971070289612,0.8636198,N/A,N/A
photo,monet,2013-11-18 11_46_45.jpg,images/photo_2013-11-18 11_46_45_to_monet.jpg,0.49540383,0.4661291241645813,0.6806180477142334,0.8200408,N/A,N/A
photo,vangogh,2013-11-21 17_44_44.jpg,images/photo_2013-11-21 17_44_44_to_vangogh.jpg,0.55505925,0.6169722080230713,0.7407093644142151,0.8560121,N/A,N/A
photo,vangogh,2013-11-18 11_46_45.jpg,images/photo_2013-11-18 11_46_45_to_vangogh.jpg,0.50696534,0.5719143152236938,0.7207326889038086,0.79177284,N/A,N/A
photo,cezanne,2013-11-21 17_44_44.jpg,images/photo_2013-11-21 17_44_44_to_cezanne.jpg,0.5237959,0.5771585702896118,0.6971648335456848,0.8353499,N/A,N/A
photo,cezanne,2013-11-18 11_46_45.jpg,images/photo_2013-11-18 11_46_45_to_cezanne.jpg,0.45176697,0.44852498173713684,0.6491596698760986,0.84012663,N/A,N/A
photo,photo,2013-11-18 06_58_36.jpg,images/photo_2013-11-18 06_58_36_to_photo.jpg,0.39482728,0.40698951482772827,0.7762843370437622,0.86910045,N/A,N/A
photo,photo,2013-11-17 09_05_09.jpg,images/photo_2013-11-17 09_05_09_to_photo.jpg,0.4869168,0.4600902795791626,0.8111864328384399,0.81629467,N/A,N/A
photo,Hayao,2013-11-18 06_58_36.jpg,images/photo_2013-11-18 06_58_36_to_Hayao.jpg,0.40666276,0.35977864265441895,0.5896631479263306,0.8765863,N/A,N/A
photo,Hayao,2013-11-17 09_05_09.jpg,images/photo_2013-11-17 09_05_09_to_Hayao.jpg,0.58170485,0.5472747683525085,0.6315985321998596,0.78086436,N/A,N/A
photo,monet,2013-11-18 06_58_36.jpg,images/photo_2013-11-18 06_58_36_to_monet.jpg,0.43150496,0.40747472643852234,0.6153323650360107,0.77777153,N/A,N/A
photo,monet,2013-11-17 09_05_09.jpg,images/photo_2013-11-17 09_05_09_to_monet.jpg,0.5083196,0.5549193620681763,0.7020543217658997,0.7955986,N/A,N/A
photo,vangogh,2013-11-18 06_58_36.jpg,images/photo_2013-11-18 06_58_36_to_vangogh.jpg,0.47138292,0.41564851999282837,0.6787303686141968,0.8251919,N/A,N/A
photo,vangogh,2013-11-17 09_05_09.jpg,images/photo_2013-11-17 09_05_09_to_vangogh.jpg,0.6058655,0.5890999436378479,0.7135586142539978,0.7610001,N/A,N/A
photo,cezanne,2013-11-18 06_58_36.jpg,images/photo_2013-11-18 06_58_36_to_cezanne.jpg,0.4306609,0.3224850296974182,0.5860265493392944,0.8371121,N/A,N/A
photo,cezanne,2013-11-17 09_05_09.jpg,images/photo_2013-11-17 09_05_09_to_cezanne.jpg,0.5292399,0.5781359672546387,0.6858628392219543,0.7522676,N/A,N/A
photo,photo,2013-11-17 16_40_10.jpg,images/photo_2013-11-17 16_40_10_to_photo.jpg,0.5109987,0.297951877117157,0.7688277363777161,0.8349643,N/A,N/A
photo,photo,2013-11-22 14_12_35.jpg,images/photo_2013-11-22 14_12_35_to_photo.jpg,0.3948938,0.36328667402267456,0.8299511671066284,0.85522544,N/A,N/A
photo,Hayao,2013-11-17 16_40_10.jpg,images/photo_2013-11-17 16_40_10_to_Hayao.jpg,0.6273713,0.405651718378067,0.6212975978851318,0.83981866,N/A,N/A
photo,Hayao,2013-11-22 14_12_35.jpg,images/photo_2013-11-22 14_12_35_to_Hayao.jpg,0.50790167,0.44869014620780945,0.5986003875732422,0.86888206,N/A,N/A
photo,monet,2013-11-17 16_40_10.jpg,images/photo_2013-11-17 16_40_10_to_monet.jpg,0.51911587,0.6123234033584595,0.8058410882949829,0.806363,N/A,N/A
photo,monet,2013-11-22 14_12_35.jpg,images/photo_2013-11-22 14_12_35_to_monet.jpg,0.43678927,0.43599897623062134,0.6637921333312988,0.79794174,N/A,N/A
photo,vangogh,2013-11-17 16_40_10.jpg,images/photo_2013-11-17 16_40_10_to_vangogh.jpg,0.6334675,0.6659287214279175,0.8152084946632385,0.77214867,N/A,N/A
photo,vangogh,2013-11-22 14_12_35.jpg,images/photo_2013-11-22 14_12_35_to_vangogh.jpg,0.51150435,0.509394645690918,0.6880161166191101,0.8115176,N/A,N/A
photo,cezanne,2013-11-17 16_40_10.jpg,images/photo_2013-11-17 16_40_10_to_cezanne.jpg,0.58686453,0.5967388153076172,0.7706499099731445,0.82324463,N/A,N/A
photo,cezanne,2013-11-22 14_12_35.jpg,images/photo_2013-11-22 14_12_35_to_cezanne.jpg,0.46224773,0.4264470040798187,0.6358547806739807,0.82272655,N/A,N/A
Hayao,photo,1020.jpg,images/Hayao_1020_to_photo.jpg,0.35412472,0.2533564269542694,0.6882631778717041,0.88955146,N/A,N/A
Hayao,photo,1019.jpg,images/Hayao_1019_to_photo.jpg,0.37536716,0.15554730594158173,0.7554657459259033,0.9413699,N/A,N/A
Hayao,Hayao,1020.jpg,images/Hayao_1020_to_Hayao.jpg,0.34725103,0.6450212001800537,0.7773845195770264,0.8671261,N/A,N/A
Hayao,Hayao,1019.jpg,images/Hayao_1019_to_Hayao.jpg,0.42031804,0.6880561709403992,0.846030592918396,0.84459615,N/A,N/A
Hayao,monet,1020.jpg,images/Hayao_1020_to_monet.jpg,0.33414948,0.18909189105033875,0.5934202671051025,0.890116,N/A,N/A
Hayao,monet,1019.jpg,images/Hayao_1019_to_monet.jpg,0.44868588,0.19658204913139343,0.682368278503418,0.91840345,N/A,N/A
Hayao,vangogh,1020.jpg,images/Hayao_1020_to_vangogh.jpg,0.3838367,0.3193267285823822,0.6585230231285095,0.9136984,N/A,N/A
Hayao,vangogh,1019.jpg,images/Hayao_1019_to_vangogh.jpg,0.535164,0.3651610016822815,0.736691951751709,0.89787024,N/A,N/A
Hayao,cezanne,1020.jpg,images/Hayao_1020_to_cezanne.jpg,0.34895852,0.2583502233028412,0.6250737309455872,0.914785,N/A,N/A
Hayao,cezanne,1019.jpg,images/Hayao_1019_to_cezanne.jpg,0.4326062,0.19187428057193756,0.6674593687057495,0.9039063,N/A,N/A
Hayao,photo,1015.jpg,images/Hayao_1015_to_photo.jpg,0.3994968,0.5150134563446045,0.6011604070663452,0.7953379,N/A,N/A
Hayao,photo,1008.jpg,images/Hayao_1008_to_photo.jpg,0.32073885,0.29161733388900757,0.4802120327949524,0.86989284,N/A,N/A
Hayao,Hayao,1015.jpg,images/Hayao_1015_to_Hayao.jpg,0.35050353,0.4471641182899475,0.832218587398529,0.86764705,N/A,N/A
Hayao,Hayao,1008.jpg,images/Hayao_1008_to_Hayao.jpg,0.29535496,0.3367714285850525,0.832874059677124,0.8639437,N/A,N/A
Hayao,monet,1015.jpg,images/Hayao_1015_to_monet.jpg,0.385841,0.3898392617702484,0.5181238651275635,0.82761085,N/A,N/A
Hayao,monet,1008.jpg,images/Hayao_1008_to_monet.jpg,0.36172903,0.31434351205825806,0.4301278591156006,0.83226275,N/A,N/A
Hayao,vangogh,1015.jpg,images/Hayao_1015_to_vangogh.jpg,0.40699956,0.4994351267814636,0.635114312171936,0.78997034,N/A,N/A
Hayao,vangogh,1008.jpg,images/Hayao_1008_to_vangogh.jpg,0.38857448,0.4284213185310364,0.5744621753692627,0.8189542,N/A,N/A
Hayao,cezanne,1015.jpg,images/Hayao_1015_to_cezanne.jpg,0.3531935,0.4171638488769531,0.5781896114349365,0.84434026,N/A,N/A
Hayao,cezanne,1008.jpg,images/Hayao_1008_to_cezanne.jpg,0.32531655,0.2663770318031311,0.46226808428764343,0.8668758,N/A,N/A
Hayao,photo,1001.jpg,images/Hayao_1001_to_photo.jpg,0.40528575,0.29092228412628174,0.4753096103668213,0.8528414,N/A,N/A
Hayao,photo,1044.jpg,images/Hayao_1044_to_photo.jpg,0.40798897,0.454612135887146,0.680077850818634,0.83263,N/A,N/A
Hayao,Hayao,1001.jpg,images/Hayao_1001_to_Hayao.jpg,0.44388014,0.3920448422431946,0.8375232219696045,0.84949857,N/A,N/A
Hayao,Hayao,1044.jpg,images/Hayao_1044_to_Hayao.jpg,0.4623406,0.42633625864982605,0.8496642112731934,0.9088887,N/A,N/A
Hayao,monet,1001.jpg,images/Hayao_1001_to_monet.jpg,0.46514958,0.29889604449272156,0.4500884413719177,0.83737373,N/A,N/A
Hayao,monet,1044.jpg,images/Hayao_1044_to_monet.jpg,0.4028419,0.32086819410324097,0.5942378044128418,0.894444,N/A,N/A
Hayao,vangogh,1001.jpg,images/Hayao_1001_to_vangogh.jpg,0.5383616,0.4612599015235901,0.6033768057823181,0.8004175,N/A,N/A
Hayao,vangogh,1044.jpg,images/Hayao_1044_to_vangogh.jpg,0.5056118,0.41099148988723755,0.6655706167221069,0.89200175,N/A,N/A
Hayao,cezanne,1001.jpg,images/Hayao_1001_to_cezanne.jpg,0.48536003,0.3496168851852417,0.5286155939102173,0.8451928,N/A,N/A
Hayao,cezanne,1044.jpg,images/Hayao_1044_to_cezanne.jpg,0.45093548,0.3884987533092499,0.6145029664039612,0.8623186,N/A,N/A
Hayao,photo,1021.jpg,images/Hayao_1021_to_photo.jpg,0.37072158,0.4242759644985199,0.6866583228111267,0.85811627,N/A,N/A
Hayao,photo,1006.jpg,images/Hayao_1006_to_photo.jpg,0.3172598,0.3375256061553955,0.4839145541191101,0.8684307,N/A,N/A
Hayao,Hayao,1021.jpg,images/Hayao_1021_to_Hayao.jpg,0.36907732,0.3167765140533447,0.7568116784095764,0.8706497,N/A,N/A
Hayao,Hayao,1006.jpg,images/Hayao_1006_to_Hayao.jpg,0.34678838,0.38577979803085327,0.8668060302734375,0.9031725,N/A,N/A
Hayao,monet,1021.jpg,images/Hayao_1021_to_monet.jpg,0.35885522,0.27767515182495117,0.5637195706367493,0.84900594,N/A,N/A
Hayao,monet,1006.jpg,images/Hayao_1006_to_monet.jpg,0.37957203,0.3067885935306549,0.4234928488731384,0.88009477,N/A,N/A
Hayao,vangogh,1021.jpg,images/Hayao_1021_to_vangogh.jpg,0.38889185,0.3087838292121887,0.5971282720565796,0.86877567,N/A,N/A
Hayao,vangogh,1006.jpg,images/Hayao_1006_to_vangogh.jpg,0.43182176,0.3999127149581909,0.5554375052452087,0.8680618,N/A,N/A
Hayao,cezanne,1021.jpg,images/Hayao_1021_to_cezanne.jpg,0.35212797,0.3446657061576843,0.5838364362716675,0.82678473,N/A,N/A
Hayao,cezanne,1006.jpg,images/Hayao_1006_to_cezanne.jpg,0.33587337,0.2180437445640564,0.437144011259079,0.8889567,N/A,N/A
Hayao,photo,1024.jpg,images/Hayao_1024_to_photo.jpg,0.42956758,0.46621716022491455,0.6060882210731506,0.8251003,N/A,N/A
Hayao,photo,1012.jpg,images/Hayao_1012_to_photo.jpg,0.3398522,0.28313148021698,0.486815482378006,0.9002251,N/A,N/A
Hayao,Hayao,1024.jpg,images/Hayao_1024_to_Hayao.jpg,0.4154741,0.40356960892677307,0.8404495120048523,0.8401582,N/A,N/A
Hayao,Hayao,1012.jpg,images/Hayao_1012_to_Hayao.jpg,0.3308435,0.3430175185203552,0.8694461584091187,0.91851914,N/A,N/A
Hayao,monet,1024.jpg,images/Hayao_1024_to_monet.jpg,0.49857074,0.537446141242981,0.6138285994529724,0.8490738,N/A,N/A
Hayao,monet,1012.jpg,images/Hayao_1012_to_monet.jpg,0.36836848,0.28356701135635376,0.4533804953098297,0.8746209,N/A,N/A
Hayao,vangogh,1024.jpg,images/Hayao_1024_to_vangogh.jpg,0.5079986,0.5921019315719604,0.6942330598831177,0.80584145,N/A,N/A
Hayao,vangogh,1012.jpg,images/Hayao_1012_to_vangogh.jpg,0.41354832,0.29848313331604004,0.5347688794136047,0.8858172,N/A,N/A
Hayao,cezanne,1024.jpg,images/Hayao_1024_to_cezanne.jpg,0.4926418,0.5636160969734192,0.6568717360496521,0.80876994,N/A,N/A
Hayao,cezanne,1012.jpg,images/Hayao_1012_to_cezanne.jpg,0.36717266,0.24268127977848053,0.49412834644317627,0.8993548,N/A,N/A
Hayao,photo,1026.jpg,images/Hayao_1026_to_photo.jpg,0.3035591,0.31140559911727905,0.5038232803344727,0.90876216,N/A,N/A
Hayao,photo,1017.jpg,images/Hayao_1017_to_photo.jpg,0.37712273,0.3105129897594452,0.49890074133872986,0.8958882,N/A,N/A
Hayao,Hayao,1026.jpg,images/Hayao_1026_to_Hayao.jpg,0.30202368,0.39935681223869324,0.8770477175712585,0.9165807,N/A,N/A
Hayao,Hayao,1017.jpg,images/Hayao_1017_to_Hayao.jpg,0.369118,0.3331616520881653,0.8727278709411621,0.91107684,N/A,N/A
Hayao,monet,1026.jpg,images/Hayao_1026_to_monet.jpg,0.34386832,0.24008239805698395,0.4559248685836792,0.90059626,N/A,N/A
Hayao,monet,1017.jpg,images/Hayao_1017_to_monet.jpg,0.4137131,0.2126719057559967,0.4190112054347992,0.895244,N/A,N/A
Hayao,vangogh,1026.jpg,images/Hayao_1026_to_vangogh.jpg,0.38250965,0.24974067509174347,0.5156460404396057,0.8758671,N/A,N/A
Hayao,vangogh,1017.jpg,images/Hayao_1017_to_vangogh.jpg,0.5027602,0.28705763816833496,0.5234982371330261,0.8929317,N/A,N/A
Hayao,cezanne,1026.jpg,images/Hayao_1026_to_cezanne.jpg,0.3140957,0.17599540948867798,0.47127655148506165,0.90034676,N/A,N/A
Hayao,cezanne,1017.jpg,images/Hayao_1017_to_cezanne.jpg,0.39034063,0.17352798581123352,0.470658540725708,0.9213407,N/A,N/A
Hayao,photo,1009.jpg,images/Hayao_1009_to_photo.jpg,0.30963737,0.33011394739151,0.4967462420463562,0.8754137,N/A,N/A
Hayao,photo,1000.jpg,images/Hayao_1000_to_photo.jpg,0.29836833,0.26022160053253174,0.507729172706604,0.92456764,N/A,N/A
Hayao,Hayao,1009.jpg,images/Hayao_1009_to_Hayao.jpg,0.3201968,0.3897515833377838,0.8476392030715942,0.8748468,N/A,N/A
Hayao,Hayao,1000.jpg,images/Hayao_1000_to_Hayao.jpg,0.2995887,0.3100796639919281,0.8345508575439453,0.8942076,N/A,N/A
Hayao,monet,1009.jpg,images/Hayao_1009_to_monet.jpg,0.34649143,0.3161977231502533,0.4476834237575531,0.8317992,N/A,N/A
Hayao,monet,1000.jpg,images/Hayao_1000_to_monet.jpg,0.3359316,0.3216795325279236,0.4578544497489929,0.8546435,N/A,N/A
Hayao,vangogh,1009.jpg,images/Hayao_1009_to_vangogh.jpg,0.37925893,0.3561248481273651,0.5491923093795776,0.82577384,N/A,N/A
Hayao,vangogh,1000.jpg,images/Hayao_1000_to_vangogh.jpg,0.38746095,0.3904874920845032,0.5697003602981567,0.85494906,N/A,N/A
Hayao,cezanne,1009.jpg,images/Hayao_1009_to_cezanne.jpg,0.32640997,0.3585435152053833,0.5420873165130615,0.8651674,N/A,N/A
Hayao,cezanne,1000.jpg,images/Hayao_1000_to_cezanne.jpg,0.32829237,0.22942589223384857,0.46596238017082214,0.8877765,N/A,N/A
Hayao,photo,1039.jpg,images/Hayao_1039_to_photo.jpg,0.38077268,0.38207748532295227,0.5955811142921448,0.8837229,N/A,N/A
Hayao,photo,1033.jpg,images/Hayao_1033_to_photo.jpg,0.36597854,0.5670047402381897,0.6369542479515076,0.7867161,N/A,N/A
Hayao,Hayao,1039.jpg,images/Hayao_1039_to_Hayao.jpg,0.3532883,0.3040233254432678,0.8233424425125122,0.8503102,N/A,N/A
Hayao,Hayao,1033.jpg,images/Hayao_1033_to_Hayao.jpg,0.352149,0.5359298586845398,0.8434447050094604,0.8446908,N/A,N/A
Hayao,monet,1039.jpg,images/Hayao_1039_to_monet.jpg,0.39437765,0.3816753029823303,0.5222028493881226,0.8391483,N/A,N/A
Hayao,monet,1033.jpg,images/Hayao_1033_to_monet.jpg,0.38166252,0.3726726770401001,0.4810245931148529,0.8232318,N/A,N/A
Hayao,vangogh,1039.jpg,images/Hayao_1039_to_vangogh.jpg,0.45486668,0.40468722581863403,0.5906847715377808,0.81862646,N/A,N/A
Hayao,vangogh,1033.jpg,images/Hayao_1033_to_vangogh.jpg,0.39835784,0.5546414852142334,0.6419401168823242,0.7406359,N/A,N/A
Hayao,cezanne,1039.jpg,images/Hayao_1039_to_cezanne.jpg,0.39688596,0.31296634674072266,0.5347512364387512,0.8580637,N/A,N/A
Hayao,cezanne,1033.jpg,images/Hayao_1033_to_cezanne.jpg,0.34718013,0.44116583466529846,0.5462659597396851,0.7765765,N/A,N/A
Hayao,photo,1007.jpg,images/Hayao_1007_to_photo.jpg,0.3045792,0.33938562870025635,0.5233550667762756,0.8764764,N/A,N/A
Hayao,photo,102.jpg,images/Hayao_102_to_photo.jpg,0.3478871,0.4436284899711609,0.6284435987472534,0.89754736,N/A,N/A
Hayao,Hayao,1007.jpg,images/Hayao_1007_to_Hayao.jpg,0.29151836,0.4582764506340027,0.8744613528251648,0.92359674,N/A,N/A
Hayao,Hayao,102.jpg,images/Hayao_102_to_Hayao.jpg,0.31221622,0.16749942302703857,0.7029523849487305,0.908213,N/A,N/A
Hayao,monet,1007.jpg,images/Hayao_1007_to_monet.jpg,0.3409398,0.3703734874725342,0.47597408294677734,0.8614023,N/A,N/A
Hayao,monet,102.jpg,images/Hayao_102_to_monet.jpg,0.37652117,0.38760918378829956,0.5438477993011475,0.89154494,N/A,N/A
Hayao,vangogh,1007.jpg,images/Hayao_1007_to_vangogh.jpg,0.3871708,0.3696897625923157,0.510022759437561,0.7724383,N/A,N/A
Hayao,vangogh,102.jpg,images/Hayao_102_to_vangogh.jpg,0.42445922,0.4632183909416199,0.6152989864349365,0.8699204,N/A,N/A
Hayao,cezanne,1007.jpg,images/Hayao_1007_to_cezanne.jpg,0.33200908,0.28360557556152344,0.47701072692871094,0.9034135,N/A,N/A
Hayao,cezanne,102.jpg,images/Hayao_102_to_cezanne.jpg,0.3820255,0.4180065989494324,0.5811487436294556,0.87391984,N/A,N/A
Hayao,photo,103.jpg,images/Hayao_103_to_photo.jpg,0.3093292,0.14894497394561768,0.4731975197792053,0.9353367,N/A,N/A
Hayao,photo,0.jpg,images/Hayao_0_to_photo.jpg,0.35677624,0.27470290660858154,0.5668745040893555,0.88438934,N/A,N/A
Hayao,Hayao,103.jpg,images/Hayao_103_to_Hayao.jpg,0.314882,0.3575863242149353,0.8702594637870789,0.93428975,N/A,N/A
Hayao,Hayao,0.jpg,images/Hayao_0_to_Hayao.jpg,0.34970146,0.3536791205406189,0.8487077951431274,0.9035263,N/A,N/A
Hayao,monet,103.jpg,images/Hayao_103_to_monet.jpg,0.3457772,0.15945783257484436,0.4496873617172241,0.91920274,N/A,N/A
Hayao,monet,0.jpg,images/Hayao_0_to_monet.jpg,0.40914726,0.25602859258651733,0.46018266677856445,0.8735888,N/A,N/A
Hayao,vangogh,103.jpg,images/Hayao_103_to_vangogh.jpg,0.39730757,0.1828269362449646,0.5243553519248962,0.9168781,N/A,N/A
Hayao,vangogh,0.jpg,images/Hayao_0_to_vangogh.jpg,0.43280092,0.3760720491409302,0.5548475980758667,0.7831609,N/A,N/A
Hayao,cezanne,103.jpg,images/Hayao_103_to_cezanne.jpg,0.3235809,0.18918836116790771,0.5121474862098694,0.93871,N/A,N/A
Hayao,cezanne,0.jpg,images/Hayao_0_to_cezanne.jpg,0.38466734,0.3022245764732361,0.46628108620643616,0.77124107,N/A,N/A
Hayao,photo,1042.jpg,images/Hayao_1042_to_photo.jpg,0.32836762,0.21867424249649048,0.49273237586021423,0.8746574,N/A,N/A
Hayao,photo,1014.jpg,images/Hayao_1014_to_photo.jpg,0.39887223,0.37582260370254517,0.5532122850418091,0.852705,N/A,N/A
Hayao,Hayao,1042.jpg,images/Hayao_1042_to_Hayao.jpg,0.32068163,0.5477627515792847,0.8840450644493103,0.8736416,N/A,N/A
Hayao,Hayao,1014.jpg,images/Hayao_1014_to_Hayao.jpg,0.37872723,0.501071572303772,0.8883902430534363,0.8676332,N/A,N/A
Hayao,monet,1042.jpg,images/Hayao_1042_to_monet.jpg,0.3459376,0.20711791515350342,0.49941712617874146,0.8809056,N/A,N/A
Hayao,monet,1014.jpg,images/Hayao_1014_to_monet.jpg,0.42909798,0.3307480216026306,0.4763682186603546,0.8670513,N/A,N/A
Hayao,vangogh,1042.jpg,images/Hayao_1042_to_vangogh.jpg,0.40531498,0.3874765634536743,0.6069651246070862,0.7749681,N/A,N/A
Hayao,vangogh,1014.jpg,images/Hayao_1014_to_vangogh.jpg,0.49667156,0.4840397834777832,0.6310706734657288,0.8301099,N/A,N/A
Hayao,cezanne,1042.jpg,images/Hayao_1042_to_cezanne.jpg,0.35505843,0.22458095848560333,0.5376192331314087,0.86381096,N/A,N/A
Hayao,cezanne,1014.jpg,images/Hayao_1014_to_cezanne.jpg,0.41858426,0.34703248739242554,0.5506000518798828,0.8596726,N/A,N/A
Hayao,photo,1028.jpg,images/Hayao_1028_to_photo.jpg,0.37349463,0.3821945786476135,0.5751516819000244,0.88071746,N/A,N/A
Hayao,photo,1049.jpg,images/Hayao_1049_to_photo.jpg,0.34756947,0.40657779574394226,0.5548732876777649,0.8591261,N/A,N/A
Hayao,Hayao,1028.jpg,images/Hayao_1028_to_Hayao.jpg,0.35146123,0.3532811999320984,0.8604015111923218,0.8936644,N/A,N/A
Hayao,Hayao,1049.jpg,images/Hayao_1049_to_Hayao.jpg,0.358491,0.43912243843078613,0.8452907800674438,0.8432721,N/A,N/A
Hayao,monet,1028.jpg,images/Hayao_1028_to_monet.jpg,0.3883017,0.2659156024456024,0.49961477518081665,0.9005431,N/A,N/A
Hayao,monet,1049.jpg,images/Hayao_1049_to_monet.jpg,0.3931787,0.39072373509407043,0.5039268732070923,0.83145857,N/A,N/A
Hayao,vangogh,1028.jpg,images/Hayao_1028_to_vangogh.jpg,0.46097314,0.29834333062171936,0.5420088768005371,0.82354546,N/A,N/A
Hayao,vangogh,1049.jpg,images/Hayao_1049_to_vangogh.jpg,0.46487495,0.45447593927383423,0.5996639728546143,0.80242693,N/A,N/A
Hayao,cezanne,1028.jpg,images/Hayao_1028_to_cezanne.jpg,0.36704683,0.2628518342971802,0.5359548330307007,0.8831907,N/A,N/A
Hayao,cezanne,1049.jpg,images/Hayao_1049_to_cezanne.jpg,0.38249004,0.35517460107803345,0.526241660118103,0.85452265,N/A,N/A
Hayao,photo,1040.jpg,images/Hayao_1040_to_photo.jpg,0.37095103,0.19500604271888733,0.5055608749389648,0.9042933,N/A,N/A
Hayao,photo,1025.jpg,images/Hayao_1025_to_photo.jpg,0.39761066,0.30577436089515686,0.5205331444740295,0.8686814,N/A,N/A
Hayao,Hayao,1040.jpg,images/Hayao_1040_to_Hayao.jpg,0.341049,0.4410454034805298,0.900233268737793,0.910345,N/A,N/A
Hayao,Hayao,1025.jpg,images/Hayao_1025_to_Hayao.jpg,0.30512494,0.3500015139579773,0.7978189587593079,0.8533661,N/A,N/A
Hayao,monet,1040.jpg,images/Hayao_1040_to_monet.jpg,0.3704237,0.18597760796546936,0.4497299790382385,0.9146639,N/A,N/A
Hayao,monet,1025.jpg,images/Hayao_1025_to_monet.jpg,0.39911094,0.3148239552974701,0.4475347101688385,0.8459784,N/A,N/A
Hayao,vangogh,1040.jpg,images/Hayao_1040_to_vangogh.jpg,0.42441148,0.3031381666660309,0.5540950298309326,0.8601075,N/A,N/A
Hayao,vangogh,1025.jpg,images/Hayao_1025_to_vangogh.jpg,0.40421775,0.4574087858200073,0.5809698700904846,0.80569696,N/A,N/A
Hayao,cezanne,1040.jpg,images/Hayao_1040_to_cezanne.jpg,0.38677317,0.25249332189559937,0.5227720737457275,0.900543,N/A,N/A
Hayao,cezanne,1025.jpg,images/Hayao_1025_to_cezanne.jpg,0.36130154,0.33352869749069214,0.4921852946281433,0.83586633,N/A,N/A
Hayao,photo,1023.jpg,images/Hayao_1023_to_photo.jpg,0.28485617,0.2984625995159149,0.5110460519790649,0.86977625,N/A,N/A
Hayao,photo,1016.jpg,images/Hayao_1016_to_photo.jpg,0.32690907,0.3366401195526123,0.5160011053085327,0.8595913,N/A,N/A
Hayao,Hayao,1023.jpg,images/Hayao_1023_to_Hayao.jpg,0.29581788,0.3623620867729187,0.8561874628067017,0.87918705,N/A,N/A
Hayao,Hayao,1016.jpg,images/Hayao_1016_to_Hayao.jpg,0.32096928,0.39270925521850586,0.8607004880905151,0.8741297,N/A,N/A
Hayao,monet,1023.jpg,images/Hayao_1023_to_monet.jpg,0.32541025,0.3961780369281769,0.508915901184082,0.82956785,N/A,N/A
Hayao,monet,1016.jpg,images/Hayao_1016_to_monet.jpg,0.37225723,0.32199856638908386,0.4375407099723816,0.84407234,N/A,N/A
Hayao,vangogh,1023.jpg,images/Hayao_1023_to_vangogh.jpg,0.35589844,0.5431140065193176,0.6431265473365784,0.77085614,N/A,N/A
Hayao,vangogh,1016.jpg,images/Hayao_1016_to_vangogh.jpg,0.40421098,0.4012313783168793,0.5381461977958679,0.8327126,N/A,N/A
Hayao,cezanne,1023.jpg,images/Hayao_1023_to_cezanne.jpg,0.31271407,0.4240362048149109,0.5587289929389954,0.82892287,N/A,N/A
Hayao,cezanne,1016.jpg,images/Hayao_1016_to_cezanne.jpg,0.3308039,0.34579649567604065,0.4944000244140625,0.852491,N/A,N/A
Hayao,photo,1018.jpg,images/Hayao_1018_to_photo.jpg,0.3147125,0.3450912833213806,0.6402862071990967,0.88890696,N/A,N/A
Hayao,photo,1041.jpg,images/Hayao_1041_to_photo.jpg,0.33682233,0.20901718735694885,0.470975399017334,0.9363834,N/A,N/A
Hayao,Hayao,1018.jpg,images/Hayao_1018_to_Hayao.jpg,0.2626637,0.5712656378746033,0.7840867042541504,0.91023,N/A,N/A
Hayao,Hayao,1041.jpg,images/Hayao_1041_to_Hayao.jpg,0.30729815,0.3734455704689026,0.8892008662223816,0.92712986,N/A,N/A
Hayao,monet,1018.jpg,images/Hayao_1018_to_monet.jpg,0.32730123,0.3678998053073883,0.5625183582305908,0.88549477,N/A,N/A
Hayao,monet,1041.jpg,images/Hayao_1041_to_monet.jpg,0.34526497,0.19186562299728394,0.4064559042453766,0.92294836,N/A,N/A
Hayao,vangogh,1018.jpg,images/Hayao_1018_to_vangogh.jpg,0.3605641,0.4463880658149719,0.6528928279876709,0.8630355,N/A,N/A
Hayao,vangogh,1041.jpg,images/Hayao_1041_to_vangogh.jpg,0.39141613,0.26938778162002563,0.5051581859588623,0.904752,N/A,N/A
Hayao,cezanne,1018.jpg,images/Hayao_1018_to_cezanne.jpg,0.35974032,0.39393293857574463,0.6076352596282959,0.87683433,N/A,N/A
Hayao,cezanne,1041.jpg,images/Hayao_1041_to_cezanne.jpg,0.3489267,0.22843027114868164,0.47057804465293884,0.928862,N/A,N/A
monet,photo,00695.jpg,images/monet_00695_to_photo.jpg,0.55203754,0.5642613768577576,0.7630899548530579,0.8122683,N/A,N/A
monet,photo,00607.jpg,images/monet_00607_to_photo.jpg,0.44301802,0.3820766806602478,0.6009010076522827,0.8316202,N/A,N/A
monet,Hayao,00695.jpg,images/monet_00695_to_Hayao.jpg,0.57942605,0.609311044216156,0.7042962312698364,0.83249915,N/A,N/A
monet,Hayao,00607.jpg,images/monet_00607_to_Hayao.jpg,0.48191983,0.5120660066604614,0.5860736966133118,0.83256066,N/A,N/A
monet,monet,00695.jpg,images/monet_00695_to_monet.jpg,0.5249746,0.27615880966186523,0.7964597940444946,0.8366762,N/A,N/A
monet,monet,00607.jpg,images/monet_00607_to_monet.jpg,0.4282676,0.40266385674476624,0.8173319101333618,0.8328943,N/A,N/A
monet,vangogh,00695.jpg,images/monet_00695_to_vangogh.jpg,0.5423265,0.424548476934433,0.8455086946487427,0.85350317,N/A,N/A
monet,vangogh,00607.jpg,images/monet_00607_to_vangogh.jpg,0.40312654,0.43340420722961426,0.7885004281997681,0.8606268,N/A,N/A
monet,cezanne,00695.jpg,images/monet_00695_to_cezanne.jpg,0.51378244,0.2811477780342102,0.7985512018203735,0.83385783,N/A,N/A
monet,cezanne,00607.jpg,images/monet_00607_to_cezanne.jpg,0.3954815,0.43189436197280884,0.795729398727417,0.85485065,N/A,N/A
monet,photo,00444.jpg,images/monet_00444_to_photo.jpg,0.4370642,0.49186500906944275,0.6499152779579163,0.8393534,N/A,N/A
monet,photo,00286.jpg,images/monet_00286_to_photo.jpg,0.48175168,0.4564990997314453,0.6964619159698486,0.8312868,N/A,N/A
monet,Hayao,00444.jpg,images/monet_00444_to_Hayao.jpg,0.48091456,0.44541722536087036,0.5502363443374634,0.8365712,N/A,N/A
monet,Hayao,00286.jpg,images/monet_00286_to_Hayao.jpg,0.54001427,0.4870617091655731,0.6027176380157471,0.8397339,N/A,N/A
monet,monet,00444.jpg,images/monet_00444_to_monet.jpg,0.44020838,0.47261950373649597,0.8436710238456726,0.8599216,N/A,N/A
monet,monet,00286.jpg,images/monet_00286_to_monet.jpg,0.5023309,0.3818374276161194,0.7686085104942322,0.83112884,N/A,N/A
monet,vangogh,00444.jpg,images/monet_00444_to_vangogh.jpg,0.49555364,0.4353601932525635,0.789002537727356,0.8204758,N/A,N/A
monet,vangogh,00286.jpg,images/monet_00286_to_vangogh.jpg,0.53884697,0.43249043822288513,0.7994298934936523,0.84617484,N/A,N/A
monet,cezanne,00444.jpg,images/monet_00444_to_cezanne.jpg,0.44105068,0.42661160230636597,0.7907482385635376,0.8324598,N/A,N/A
monet,cezanne,00286.jpg,images/monet_00286_to_cezanne.jpg,0.5179759,0.4048910140991211,0.7804149389266968,0.83779967,N/A,N/A
monet,photo,00092.jpg,images/monet_00092_to_photo.jpg,0.4203767,0.5655564665794373,0.6620765924453735,0.799976,N/A,N/A
monet,photo,01208.jpg,images/monet_01208_to_photo.jpg,0.4083531,0.39915430545806885,0.7039874792098999,0.90214336,N/A,N/A
monet,Hayao,00092.jpg,images/monet_00092_to_Hayao.jpg,0.45742857,0.6201637983322144,0.5990352630615234,0.7457086,N/A,N/A
monet,Hayao,01208.jpg,images/monet_01208_to_Hayao.jpg,0.48596132,0.47679436206817627,0.5951875448226929,0.8681498,N/A,N/A
monet,monet,00092.jpg,images/monet_00092_to_monet.jpg,0.40869844,0.436358243227005,0.8417757749557495,0.8818348,N/A,N/A
monet,monet,01208.jpg,images/monet_01208_to_monet.jpg,0.4054557,0.35690048336982727,0.8734347820281982,0.9181261,N/A,N/A
monet,vangogh,00092.jpg,images/monet_00092_to_vangogh.jpg,0.4603519,0.4871143400669098,0.778603732585907,0.85779816,N/A,N/A
monet,vangogh,01208.jpg,images/monet_01208_to_vangogh.jpg,0.44413686,0.3560772240161896,0.8248511552810669,0.90280914,N/A,N/A
monet,cezanne,00092.jpg,images/monet_00092_to_cezanne.jpg,0.43946135,0.4810786843299866,0.786226749420166,0.8534128,N/A,N/A
monet,cezanne,01208.jpg,images/monet_01208_to_cezanne.jpg,0.43304282,0.34329819679260254,0.7694754600524902,0.8806852,N/A,N/A
monet,photo,00756.jpg,images/monet_00756_to_photo.jpg,0.4708737,0.5659724473953247,0.7463348507881165,0.7915813,N/A,N/A
monet,photo,00278.jpg,images/monet_00278_to_photo.jpg,0.49844527,0.5666495561599731,0.7692428231239319,0.80488646,N/A,N/A
monet,Hayao,00756.jpg,images/monet_00756_to_Hayao.jpg,0.54252553,0.558129608631134,0.6084104776382446,0.7824378,N/A,N/A
monet,Hayao,00278.jpg,images/monet_00278_to_Hayao.jpg,0.62890303,0.5602614283561707,0.6322527527809143,0.8281248,N/A,N/A
monet,monet,00756.jpg,images/monet_00756_to_monet.jpg,0.49803635,0.438333660364151,0.836580753326416,0.816346,N/A,N/A
monet,monet,00278.jpg,images/monet_00278_to_monet.jpg,0.4756158,0.35257387161254883,0.784417986869812,0.8159853,N/A,N/A
monet,vangogh,00756.jpg,images/monet_00756_to_vangogh.jpg,0.5552572,0.4853155016899109,0.8017221689224243,0.80510217,N/A,N/A
monet,vangogh,00278.jpg,images/monet_00278_to_vangogh.jpg,0.5342306,0.4779348373413086,0.8381728529930115,0.8670111,N/A,N/A
monet,cezanne,00756.jpg,images/monet_00756_to_cezanne.jpg,0.5382712,0.4690006971359253,0.7975451946258545,0.80150414,N/A,N/A
monet,cezanne,00278.jpg,images/monet_00278_to_cezanne.jpg,0.53725487,0.383500874042511,0.7773857116699219,0.8243869,N/A,N/A
monet,photo,00786.jpg,images/monet_00786_to_photo.jpg,0.497838,0.6345224380493164,0.7655267119407654,0.75888157,N/A,N/A
monet,photo,00389.jpg,images/monet_00389_to_photo.jpg,0.5236633,0.3588544726371765,0.7592666149139404,0.8650028,N/A,N/A
monet,Hayao,00786.jpg,images/monet_00786_to_Hayao.jpg,0.53502667,0.5472866296768188,0.6443188190460205,0.7572417,N/A,N/A
monet,Hayao,00389.jpg,images/monet_00389_to_Hayao.jpg,0.57999027,0.46514543890953064,0.7092450857162476,0.8678411,N/A,N/A
monet,monet,00786.jpg,images/monet_00786_to_monet.jpg,0.42960203,0.40677332878112793,0.7838938236236572,0.78284276,N/A,N/A
monet,monet,00389.jpg,images/monet_00389_to_monet.jpg,0.61195433,0.332975298166275,0.6888805627822876,0.8435664,N/A,N/A
monet,vangogh,00786.jpg,images/monet_00786_to_vangogh.jpg,0.44393158,0.38663268089294434,0.689117431640625,0.6725656,N/A,N/A
monet,vangogh,00389.jpg,images/monet_00389_to_vangogh.jpg,0.6876066,0.3865033686161041,0.7143611907958984,0.8452963,N/A,N/A
monet,cezanne,00786.jpg,images/monet_00786_to_cezanne.jpg,0.44632167,0.38578441739082336,0.776043176651001,0.8053682,N/A,N/A
monet,cezanne,00389.jpg,images/monet_00389_to_cezanne.jpg,0.5916648,0.34114590287208557,0.6721035838127136,0.843645,N/A,N/A
monet,photo,00812.jpg,images/monet_00812_to_photo.jpg,0.4867959,0.5603502988815308,0.7237652540206909,0.764702,N/A,N/A
monet,photo,00542.jpg,images/monet_00542_to_photo.jpg,0.49805522,0.6940757632255554,0.7508292198181152,0.6170333,N/A,N/A
monet,Hayao,00812.jpg,images/monet_00812_to_Hayao.jpg,0.5666385,0.6490533351898193,0.6949909925460815,0.7744172,N/A,N/A
monet,Hayao,00542.jpg,images/monet_00542_to_Hayao.jpg,0.5843524,0.6801043748855591,0.6747410893440247,0.61254525,N/A,N/A
monet,monet,00812.jpg,images/monet_00812_to_monet.jpg,0.44658634,0.4387957751750946,0.8610568046569824,0.8636141,N/A,N/A
monet,monet,00542.jpg,images/monet_00542_to_monet.jpg,0.47713786,0.6798090934753418,0.8620511293411255,0.7435682,N/A,N/A
monet,vangogh,00812.jpg,images/monet_00812_to_vangogh.jpg,0.52675885,0.5289934873580933,0.8457016944885254,0.80476075,N/A,N/A
monet,vangogh,00542.jpg,images/monet_00542_to_vangogh.jpg,0.56286204,0.6762609481811523,0.8322211503982544,0.70887864,N/A,N/A
monet,cezanne,00812.jpg,images/monet_00812_to_cezanne.jpg,0.5202894,0.4901205599308014,0.8439174890518188,0.82048243,N/A,N/A
monet,cezanne,00542.jpg,images/monet_00542_to_cezanne.jpg,0.5597314,0.6138171553611755,0.76606285572052,0.6500343,N/A,N/A
monet,photo,00291.jpg,images/monet_00291_to_photo.jpg,0.5037638,0.6072717905044556,0.7610062956809998,0.7641505,N/A,N/A
monet,photo,00075.jpg,images/monet_00075_to_photo.jpg,0.44014263,0.49715176224708557,0.7207428216934204,0.8430389,N/A,N/A
monet,Hayao,00291.jpg,images/monet_00291_to_Hayao.jpg,0.57614505,0.5425518751144409,0.6082691550254822,0.77195203,N/A,N/A
monet,Hayao,00075.jpg,images/monet_00075_to_Hayao.jpg,0.5346359,0.4110614061355591,0.6190716028213501,0.8484595,N/A,N/A
monet,monet,00291.jpg,images/monet_00291_to_monet.jpg,0.48306125,0.3740118145942688,0.779293417930603,0.798718,N/A,N/A
monet,monet,00075.jpg,images/monet_00075_to_monet.jpg,0.49388486,0.3862925171852112,0.8299219608306885,0.85626733,N/A,N/A
monet,vangogh,00291.jpg,images/monet_00291_to_vangogh.jpg,0.5606979,0.6001420617103577,0.8470433354377747,0.8124498,N/A,N/A
monet,vangogh,00075.jpg,images/monet_00075_to_vangogh.jpg,0.5939448,0.4689347445964813,0.8033464550971985,0.82863796,N/A,N/A
monet,cezanne,00291.jpg,images/monet_00291_to_cezanne.jpg,0.54808104,0.5332987308502197,0.7633112668991089,0.72476125,N/A,N/A
monet,cezanne,00075.jpg,images/monet_00075_to_cezanne.jpg,0.49207506,0.5029757022857666,0.8404929637908936,0.8509834,N/A,N/A
monet,photo,01059.jpg,images/monet_01059_to_photo.jpg,0.5197211,0.48946213722229004,0.7665977478027344,0.8959585,N/A,N/A
monet,photo,01039.jpg,images/monet_01039_to_photo.jpg,0.46739566,0.49805882573127747,0.7456148862838745,0.82053757,N/A,N/A
monet,Hayao,01059.jpg,images/monet_01059_to_Hayao.jpg,0.5489119,0.5822063684463501,0.6600526571273804,0.8470625,N/A,N/A
monet,Hayao,01039.jpg,images/monet_01039_to_Hayao.jpg,0.47715515,0.5423428416252136,0.6476450562477112,0.81631666,N/A,N/A
monet,monet,01059.jpg,images/monet_01059_to_monet.jpg,0.46590734,0.21600934863090515,0.8144309520721436,0.8874575,N/A,N/A
monet,monet,01039.jpg,images/monet_01039_to_monet.jpg,0.44774053,0.23788970708847046,0.8450455069541931,0.8757002,N/A,N/A
monet,vangogh,01059.jpg,images/monet_01059_to_vangogh.jpg,0.460236,0.3131093978881836,0.8076791763305664,0.9059988,N/A,N/A
monet,vangogh,01039.jpg,images/monet_01039_to_vangogh.jpg,0.5279561,0.35253891348838806,0.8259487152099609,0.87123275,N/A,N/A
monet,cezanne,01059.jpg,images/monet_01059_to_cezanne.jpg,0.474696,0.2554844617843628,0.7836838960647583,0.8750429,N/A,N/A
monet,cezanne,01039.jpg,images/monet_01039_to_cezanne.jpg,0.4797064,0.3452897071838379,0.7909366488456726,0.85057837,N/A,N/A
monet,photo,00282.jpg,images/monet_00282_to_photo.jpg,0.48304138,0.4782072603702545,0.6849892139434814,0.842415,N/A,N/A
monet,photo,00677.jpg,images/monet_00677_to_photo.jpg,0.45419285,0.6051390767097473,0.7739766836166382,0.81610954,N/A,N/A
monet,Hayao,00282.jpg,images/monet_00282_to_Hayao.jpg,0.5678589,0.5983065962791443,0.6407527923583984,0.76015174,N/A,N/A
monet,Hayao,00677.jpg,images/monet_00677_to_Hayao.jpg,0.53386587,0.5985827445983887,0.6771159768104553,0.73885727,N/A,N/A
monet,monet,00282.jpg,images/monet_00282_to_monet.jpg,0.4841979,0.41993361711502075,0.8496125936508179,0.871795,N/A,N/A
monet,monet,00677.jpg,images/monet_00677_to_monet.jpg,0.46641433,0.4189521074295044,0.8452268242835999,0.8436849,N/A,N/A
monet,vangogh,00282.jpg,images/monet_00282_to_vangogh.jpg,0.566353,0.462307333946228,0.8301267027854919,0.8589171,N/A,N/A
monet,vangogh,00677.jpg,images/monet_00677_to_vangogh.jpg,0.5137811,0.4129590392112732,0.7987455129623413,0.79134643,N/A,N/A
monet,cezanne,00282.jpg,images/monet_00282_to_cezanne.jpg,0.5456387,0.5080454349517822,0.8286683559417725,0.8476595,N/A,N/A
monet,cezanne,00677.jpg,images/monet_00677_to_cezanne.jpg,0.53252256,0.3916143774986267,0.7679347991943359,0.78127754,N/A,N/A
monet,photo,00959.jpg,images/monet_00959_to_photo.jpg,0.48150104,0.6358903646469116,0.7579731345176697,0.75769216,N/A,N/A
monet,photo,00018.jpg,images/monet_00018_to_photo.jpg,0.51044387,0.49727076292037964,0.7347970008850098,0.8533045,N/A,N/A
monet,Hayao,00959.jpg,images/monet_00959_to_Hayao.jpg,0.58578163,0.6219971179962158,0.6505814790725708,0.7413095,N/A,N/A
monet,Hayao,00018.jpg,images/monet_00018_to_Hayao.jpg,0.63218063,0.44315123558044434,0.6146623492240906,0.87848294,N/A,N/A
monet,monet,00959.jpg,images/monet_00959_to_monet.jpg,0.4629836,0.5138677954673767,0.8523353338241577,0.8107732,N/A,N/A
monet,monet,00018.jpg,images/monet_00018_to_monet.jpg,0.5100725,0.36069974303245544,0.8628919720649719,0.90208125,N/A,N/A
monet,vangogh,00959.jpg,images/monet_00959_to_vangogh.jpg,0.5481267,0.531186580657959,0.8399721384048462,0.81189454,N/A,N/A
monet,vangogh,00018.jpg,images/monet_00018_to_vangogh.jpg,0.6084422,0.412894070148468,0.8072698712348938,0.8800064,N/A,N/A
monet,cezanne,00959.jpg,images/monet_00959_to_cezanne.jpg,0.53713083,0.5471034049987793,0.831291675567627,0.77948886,N/A,N/A
monet,cezanne,00018.jpg,images/monet_00018_to_cezanne.jpg,0.5912439,0.35254865884780884,0.7912895679473877,0.8705881,N/A,N/A
monet,photo,01155.jpg,images/monet_01155_to_photo.jpg,0.42108613,0.5158300399780273,0.7351548671722412,0.85083264,N/A,N/A
monet,photo,00429.jpg,images/monet_00429_to_photo.jpg,0.47493255,0.45880067348480225,0.6781248450279236,0.8453398,N/A,N/A
monet,Hayao,01155.jpg,images/monet_01155_to_Hayao.jpg,0.49737704,0.5534647703170776,0.636991024017334,0.8598666,N/A,N/A
monet,Hayao,00429.jpg,images/monet_00429_to_Hayao.jpg,0.5594523,0.5327402353286743,0.5846806168556213,0.8139316,N/A,N/A
monet,monet,01155.jpg,images/monet_01155_to_monet.jpg,0.40458226,0.29674988985061646,0.8470438122749329,0.8881648,N/A,N/A
monet,monet,00429.jpg,images/monet_00429_to_monet.jpg,0.48300767,0.49847206473350525,0.8562470078468323,0.8337501,N/A,N/A
monet,vangogh,01155.jpg,images/monet_01155_to_vangogh.jpg,0.4836408,0.3738705515861511,0.7813909649848938,0.8427538,N/A,N/A
monet,vangogh,00429.jpg,images/monet_00429_to_vangogh.jpg,0.56405437,0.5738216042518616,0.8492295145988464,0.8230237,N/A,N/A
monet,cezanne,01155.jpg,images/monet_01155_to_cezanne.jpg,0.44660294,0.33244508504867554,0.7559536099433899,0.858849,N/A,N/A
monet,cezanne,00429.jpg,images/monet_00429_to_cezanne.jpg,0.5346238,0.5271356701850891,0.8239810466766357,0.8204165,N/A,N/A
monet,photo,00928.jpg,images/monet_00928_to_photo.jpg,0.44962525,0.6514525413513184,0.7837116718292236,0.7828207,N/A,N/A
monet,photo,01326.jpg,images/monet_01326_to_photo.jpg,0.39756626,0.44688767194747925,0.7442187070846558,0.88236225,N/A,N/A
monet,Hayao,00928.jpg,images/monet_00928_to_Hayao.jpg,0.52570224,0.6137465238571167,0.6538372039794922,0.7704841,N/A,N/A
monet,Hayao,01326.jpg,images/monet_01326_to_Hayao.jpg,0.43491322,0.3390292525291443,0.5871199369430542,0.89243394,N/A,N/A
monet,monet,00928.jpg,images/monet_00928_to_monet.jpg,0.42469305,0.6570644378662109,0.903864860534668,0.8330287,N/A,N/A
monet,monet,01326.jpg,images/monet_01326_to_monet.jpg,0.37161353,0.28307271003723145,0.8442397117614746,0.9046648,N/A,N/A
monet,vangogh,00928.jpg,images/monet_00928_to_vangogh.jpg,0.4680777,0.6599098443984985,0.8829207420349121,0.83247787,N/A,N/A
monet,vangogh,01326.jpg,images/monet_01326_to_vangogh.jpg,0.41753688,0.41747981309890747,0.8696931600570679,0.9089837,N/A,N/A
monet,cezanne,00928.jpg,images/monet_00928_to_cezanne.jpg,0.48409906,0.610713541507721,0.8807260990142822,0.8452173,N/A,N/A
monet,cezanne,01326.jpg,images/monet_01326_to_cezanne.jpg,0.3997093,0.33981621265411377,0.8234978914260864,0.90607786,N/A,N/A
monet,photo,01127.jpg,images/monet_01127_to_photo.jpg,0.52307796,0.7117166519165039,0.7975366115570068,0.6506257,N/A,N/A
monet,photo,00789.jpg,images/monet_00789_to_photo.jpg,0.4518696,0.6222000122070312,0.7690781354904175,0.7894161,N/A,N/A
monet,Hayao,01127.jpg,images/monet_01127_to_Hayao.jpg,0.579026,0.6701428890228271,0.6772850751876831,0.6931174,N/A,N/A
monet,Hayao,00789.jpg,images/monet_00789_to_Hayao.jpg,0.5673207,0.5830363631248474,0.6555551290512085,0.73225766,N/A,N/A
monet,monet,01127.jpg,images/monet_01127_to_monet.jpg,0.55091816,0.5797038674354553,0.8151383399963379,0.7239763,N/A,N/A
monet,monet,00789.jpg,images/monet_00789_to_monet.jpg,0.43997654,0.5391361713409424,0.8399187326431274,0.7918645,N/A,N/A
monet,vangogh,01127.jpg,images/monet_01127_to_vangogh.jpg,0.61894923,0.6873818635940552,0.8225369453430176,0.66854167,N/A,N/A
monet,vangogh,00789.jpg,images/monet_00789_to_vangogh.jpg,0.50764513,0.4724438190460205,0.8478639721870422,0.8357218,N/A,N/A
monet,cezanne,01127.jpg,images/monet_01127_to_cezanne.jpg,0.5750451,0.6235883235931396,0.7867196798324585,0.6588571,N/A,N/A
monet,cezanne,00789.jpg,images/monet_00789_to_cezanne.jpg,0.5029816,0.4997875392436981,0.8128182888031006,0.7848181,N/A,N/A
monet,photo,00776.jpg,images/monet_00776_to_photo.jpg,0.4545398,0.476330041885376,0.668826162815094,0.8135522,N/A,N/A
monet,photo,00446.jpg,images/monet_00446_to_photo.jpg,0.46910256,0.49441438913345337,0.6482841968536377,0.8158128,N/A,N/A
monet,Hayao,00776.jpg,images/monet_00776_to_Hayao.jpg,0.5196712,0.502170205116272,0.5542836785316467,0.8291022,N/A,N/A
monet,Hayao,00446.jpg,images/monet_00446_to_Hayao.jpg,0.5208944,0.5601500272750854,0.6011952757835388,0.8379059,N/A,N/A
monet,monet,00776.jpg,images/monet_00776_to_monet.jpg,0.46776694,0.44077950716018677,0.8283601999282837,0.8307997,N/A,N/A
monet,monet,00446.jpg,images/monet_00446_to_monet.jpg,0.44669753,0.5071662664413452,0.8472166061401367,0.8594116,N/A,N/A
monet,vangogh,00776.jpg,images/monet_00776_to_vangogh.jpg,0.53767085,0.6088372468948364,0.8202370405197144,0.7821408,N/A,N/A
monet,vangogh,00446.jpg,images/monet_00446_to_vangogh.jpg,0.49031645,0.5187889933586121,0.8011507391929626,0.8143874,N/A,N/A
monet,cezanne,00776.jpg,images/monet_00776_to_cezanne.jpg,0.51413286,0.5743964314460754,0.81710284948349,0.78544366,N/A,N/A
monet,cezanne,00446.jpg,images/monet_00446_to_cezanne.jpg,0.4763425,0.5307686924934387,0.7989777326583862,0.8028914,N/A,N/A
monet,photo,00557.jpg,images/monet_00557_to_photo.jpg,0.46343496,0.4534556567668915,0.7668336629867554,0.90943193,N/A,N/A
monet,photo,01151.jpg,images/monet_01151_to_photo.jpg,0.44001204,0.5257213115692139,0.7557613849639893,0.83643705,N/A,N/A
monet,Hayao,00557.jpg,images/monet_00557_to_Hayao.jpg,0.49311504,0.46512147784233093,0.6432012319564819,0.8801377,N/A,N/A
monet,Hayao,01151.jpg,images/monet_01151_to_Hayao.jpg,0.4728535,0.5641064643859863,0.6761522889137268,0.84582615,N/A,N/A
monet,monet,00557.jpg,images/monet_00557_to_monet.jpg,0.44607094,0.45426952838897705,0.8763695955276489,0.8884273,N/A,N/A
monet,monet,01151.jpg,images/monet_01151_to_monet.jpg,0.4172061,0.30789613723754883,0.8245079517364502,0.83350784,N/A,N/A
monet,vangogh,00557.jpg,images/monet_00557_to_vangogh.jpg,0.44387585,0.2172311544418335,0.8143354654312134,0.8972713,N/A,N/A
monet,vangogh,01151.jpg,images/monet_01151_to_vangogh.jpg,0.44524297,0.405778169631958,0.8108579516410828,0.84652984,N/A,N/A
monet,cezanne,00557.jpg,images/monet_00557_to_cezanne.jpg,0.44604537,0.3238145411014557,0.8050907850265503,0.88835406,N/A,N/A
monet,cezanne,01151.jpg,images/monet_01151_to_cezanne.jpg,0.4419142,0.44274091720581055,0.8080410361289978,0.8468175,N/A,N/A
vangogh,photo,00295.jpg,images/vangogh_00295_to_photo.jpg,0.43159553,0.5205664038658142,0.6513339877128601,0.74593675,N/A,N/A
vangogh,photo,00289.jpg,images/vangogh_00289_to_photo.jpg,0.46783102,0.5607328414916992,0.723201334476471,0.7836158,N/A,N/A
vangogh,Hayao,00295.jpg,images/vangogh_00295_to_Hayao.jpg,0.44506848,0.5849491357803345,0.6732740998268127,0.75978005,N/A,N/A
vangogh,Hayao,00289.jpg,images/vangogh_00289_to_Hayao.jpg,0.47975177,0.5315105319023132,0.6493644714355469,0.81324816,N/A,N/A
vangogh,monet,00295.jpg,images/vangogh_00295_to_monet.jpg,0.42630023,0.22145870327949524,0.724048376083374,0.8640666,N/A,N/A
vangogh,monet,00289.jpg,images/vangogh_00289_to_monet.jpg,0.43257326,0.6245828866958618,0.8812241554260254,0.8601139,N/A,N/A
vangogh,vangogh,00295.jpg,images/vangogh_00295_to_vangogh.jpg,0.42123443,0.34671884775161743,0.7973587512969971,0.8441425,N/A,N/A
vangogh,vangogh,00289.jpg,images/vangogh_00289_to_vangogh.jpg,0.42872906,0.5483335256576538,0.9018899202346802,0.8850589,N/A,N/A
vangogh,cezanne,00295.jpg,images/vangogh_00295_to_cezanne.jpg,0.38556355,0.26068270206451416,0.7537462115287781,0.82738614,N/A,N/A
vangogh,cezanne,00289.jpg,images/vangogh_00289_to_cezanne.jpg,0.43541047,0.578825831413269,0.8685874938964844,0.8395734,N/A,N/A
vangogh,photo,00243.jpg,images/vangogh_00243_to_photo.jpg,0.34544748,0.31655222177505493,0.5409287214279175,0.8706154,N/A,N/A
vangogh,photo,00169.jpg,images/vangogh_00169_to_photo.jpg,0.48162612,0.4759700894355774,0.6910011768341064,0.76644385,N/A,N/A
vangogh,Hayao,00243.jpg,images/vangogh_00243_to_Hayao.jpg,0.35753012,0.472095251083374,0.6757007837295532,0.8755412,N/A,N/A
vangogh,Hayao,00169.jpg,images/vangogh_00169_to_Hayao.jpg,0.5058811,0.49908772110939026,0.6694982647895813,0.7892218,N/A,N/A
vangogh,monet,00243.jpg,images/vangogh_00243_to_monet.jpg,0.32441396,0.25886183977127075,0.6005474328994751,0.8684217,N/A,N/A
vangogh,monet,00169.jpg,images/vangogh_00169_to_monet.jpg,0.45825106,0.23466293513774872,0.6376180648803711,0.74938583,N/A,N/A
vangogh,vangogh,00243.jpg,images/vangogh_00243_to_vangogh.jpg,0.33414754,0.2904324233531952,0.6952369213104248,0.888541,N/A,N/A
vangogh,vangogh,00169.jpg,images/vangogh_00169_to_vangogh.jpg,0.44716066,0.2906101942062378,0.7493453025817871,0.7748185,N/A,N/A
vangogh,cezanne,00243.jpg,images/vangogh_00243_to_cezanne.jpg,0.34626117,0.16906042397022247,0.672885000705719,0.8887921,N/A,N/A
vangogh,cezanne,00169.jpg,images/vangogh_00169_to_cezanne.jpg,0.43336675,0.24805118143558502,0.6827879548072815,0.77176666,N/A,N/A
vangogh,photo,00098.jpg,images/vangogh_00098_to_photo.jpg,0.43658665,0.5584410429000854,0.7492637038230896,0.8419865,N/A,N/A
vangogh,photo,00668.jpg,images/vangogh_00668_to_photo.jpg,0.4578363,0.5660727620124817,0.7546548247337341,0.8113278,N/A,N/A
vangogh,Hayao,00098.jpg,images/vangogh_00098_to_Hayao.jpg,0.5008073,0.47246235609054565,0.5958306789398193,0.8013833,N/A,N/A
vangogh,Hayao,00668.jpg,images/vangogh_00668_to_Hayao.jpg,0.49600023,0.5628725290298462,0.667570948600769,0.79686797,N/A,N/A
vangogh,monet,00098.jpg,images/vangogh_00098_to_monet.jpg,0.42983246,0.530042290687561,0.8530803322792053,0.8293873,N/A,N/A
vangogh,monet,00668.jpg,images/vangogh_00668_to_monet.jpg,0.4278406,0.4555310010910034,0.8667845726013184,0.8869905,N/A,N/A
vangogh,vangogh,00098.jpg,images/vangogh_00098_to_vangogh.jpg,0.46905285,0.47757506370544434,0.840630054473877,0.82044196,N/A,N/A
vangogh,vangogh,00668.jpg,images/vangogh_00668_to_vangogh.jpg,0.45143825,0.5175786018371582,0.8869545459747314,0.8613812,N/A,N/A
vangogh,cezanne,00098.jpg,images/vangogh_00098_to_cezanne.jpg,0.473081,0.5020813941955566,0.827111005783081,0.81302696,N/A,N/A
vangogh,cezanne,00668.jpg,images/vangogh_00668_to_cezanne.jpg,0.45413423,0.45601886510849,0.8324605226516724,0.8474212,N/A,N/A
vangogh,photo,00321.jpg,images/vangogh_00321_to_photo.jpg,0.4411415,0.5333883762359619,0.7294278740882874,0.8058675,N/A,N/A
vangogh,photo,00163.jpg,images/vangogh_00163_to_photo.jpg,0.40937057,0.5345265865325928,0.6171282529830933,0.72305393,N/A,N/A
vangogh,Hayao,00321.jpg,images/vangogh_00321_to_Hayao.jpg,0.48822394,0.5779903531074524,0.6729409098625183,0.7826886,N/A,N/A
vangogh,Hayao,00163.jpg,images/vangogh_00163_to_Hayao.jpg,0.38825345,0.6044334769248962,0.6510246992111206,0.6758704,N/A,N/A
vangogh,monet,00321.jpg,images/vangogh_00321_to_monet.jpg,0.40908495,0.4789370000362396,0.8474632501602173,0.84585553,N/A,N/A
vangogh,monet,00163.jpg,images/vangogh_00163_to_monet.jpg,0.43734604,0.3800789713859558,0.6537905931472778,0.7468288,N/A,N/A
vangogh,vangogh,00321.jpg,images/vangogh_00321_to_vangogh.jpg,0.4408726,0.44676029682159424,0.8446433544158936,0.8328997,N/A,N/A
vangogh,vangogh,00163.jpg,images/vangogh_00163_to_vangogh.jpg,0.44258416,0.40715843439102173,0.6867398023605347,0.69542885,N/A,N/A
vangogh,cezanne,00321.jpg,images/vangogh_00321_to_cezanne.jpg,0.44754228,0.4637390077114105,0.8266192078590393,0.8256114,N/A,N/A
vangogh,cezanne,00163.jpg,images/vangogh_00163_to_cezanne.jpg,0.42488903,0.35923683643341064,0.6733894944190979,0.68709004,N/A,N/A
vangogh,photo,00412.jpg,images/vangogh_00412_to_photo.jpg,0.45226333,0.5713275671005249,0.7168172001838684,0.77797246,N/A,N/A
vangogh,photo,00202.jpg,images/vangogh_00202_to_photo.jpg,0.38074723,0.5166226029396057,0.614814043045044,0.6539594,N/A,N/A
vangogh,Hayao,00412.jpg,images/vangogh_00412_to_Hayao.jpg,0.45166263,0.48371875286102295,0.6281505227088928,0.76564676,N/A,N/A
vangogh,Hayao,00202.jpg,images/vangogh_00202_to_Hayao.jpg,0.40135717,0.6034011840820312,0.6885804533958435,0.6901801,N/A,N/A
vangogh,monet,00412.jpg,images/vangogh_00412_to_monet.jpg,0.40430468,0.30673927068710327,0.6734293699264526,0.7537138,N/A,N/A
vangogh,monet,00202.jpg,images/vangogh_00202_to_monet.jpg,0.37859672,0.29754146933555603,0.6826010346412659,0.8325908,N/A,N/A
vangogh,vangogh,00412.jpg,images/vangogh_00412_to_vangogh.jpg,0.3857914,0.19955256581306458,0.6767736673355103,0.7287749,N/A,N/A
vangogh,vangogh,00202.jpg,images/vangogh_00202_to_vangogh.jpg,0.40235728,0.3695130944252014,0.7248523235321045,0.7392493,N/A,N/A
vangogh,cezanne,00412.jpg,images/vangogh_00412_to_cezanne.jpg,0.41189048,0.33345675468444824,0.6980428099632263,0.7594335,N/A,N/A
vangogh,cezanne,00202.jpg,images/vangogh_00202_to_cezanne.jpg,0.36809564,0.1953132301568985,0.6037612557411194,0.71840155,N/A,N/A
vangogh,photo,00427.jpg,images/vangogh_00427_to_photo.jpg,0.46762994,0.660854160785675,0.7501965761184692,0.66074824,N/A,N/A
vangogh,photo,00272.jpg,images/vangogh_00272_to_photo.jpg,0.4906638,0.5660893321037292,0.7257898449897766,0.75538373,N/A,N/A
vangogh,Hayao,00427.jpg,images/vangogh_00427_to_Hayao.jpg,0.4885314,0.6114692687988281,0.667818546295166,0.73872715,N/A,N/A
vangogh,Hayao,00272.jpg,images/vangogh_00272_to_Hayao.jpg,0.50937694,0.5020177364349365,0.6245237588882446,0.7776289,N/A,N/A
vangogh,monet,00427.jpg,images/vangogh_00427_to_monet.jpg,0.4215178,0.4525623619556427,0.8334283232688904,0.8404455,N/A,N/A
vangogh,monet,00272.jpg,images/vangogh_00272_to_monet.jpg,0.4587227,0.45338061451911926,0.7720877528190613,0.7948149,N/A,N/A
vangogh,vangogh,00427.jpg,images/vangogh_00427_to_vangogh.jpg,0.44751215,0.5382653474807739,0.826397180557251,0.75775343,N/A,N/A
vangogh,vangogh,00272.jpg,images/vangogh_00272_to_vangogh.jpg,0.43463072,0.5035222172737122,0.8118150234222412,0.7608346,N/A,N/A
vangogh,cezanne,00427.jpg,images/vangogh_00427_to_cezanne.jpg,0.44133526,0.47779011726379395,0.8119913935661316,0.7833252,N/A,N/A
vangogh,cezanne,00272.jpg,images/vangogh_00272_to_cezanne.jpg,0.4814817,0.4634891450405121,0.7374938130378723,0.7064358,N/A,N/A
vangogh,photo,00177.jpg,images/vangogh_00177_to_photo.jpg,0.4820016,0.5816850662231445,0.7208937406539917,0.8215631,N/A,N/A
vangogh,photo,00090.jpg,images/vangogh_00090_to_photo.jpg,0.47819722,0.23018597066402435,0.5724489092826843,0.8731723,N/A,N/A
vangogh,Hayao,00177.jpg,images/vangogh_00177_to_Hayao.jpg,0.44962758,0.5075615048408508,0.6619114875793457,0.85985047,N/A,N/A
vangogh,Hayao,00090.jpg,images/vangogh_00090_to_Hayao.jpg,0.42534432,0.3887636959552765,0.6599469184875488,0.8870681,N/A,N/A
vangogh,monet,00177.jpg,images/vangogh_00177_to_monet.jpg,0.4566906,0.13390927016735077,0.7019160389900208,0.89352316,N/A,N/A
vangogh,monet,00090.jpg,images/vangogh_00090_to_monet.jpg,0.45749652,0.16742321848869324,0.5589823722839355,0.797206,N/A,N/A
vangogh,vangogh,00177.jpg,images/vangogh_00177_to_vangogh.jpg,0.411232,0.26525720953941345,0.7751696109771729,0.8849245,N/A,N/A
vangogh,vangogh,00090.jpg,images/vangogh_00090_to_vangogh.jpg,0.4069239,0.062214694917201996,0.6753844618797302,0.87684983,N/A,N/A
vangogh,cezanne,00177.jpg,images/vangogh_00177_to_cezanne.jpg,0.39990315,0.14373818039894104,0.7443268895149231,0.8959175,N/A,N/A
vangogh,cezanne,00090.jpg,images/vangogh_00090_to_cezanne.jpg,0.41057295,0.13101403415203094,0.6918871402740479,0.88256,N/A,N/A
vangogh,photo,00528.jpg,images/vangogh_00528_to_photo.jpg,0.46785003,0.45522499084472656,0.7684478163719177,0.8424863,N/A,N/A
vangogh,photo,00519.jpg,images/vangogh_00519_to_photo.jpg,0.41626292,0.6689509153366089,0.7707933187484741,0.73646206,N/A,N/A
vangogh,Hayao,00528.jpg,images/vangogh_00528_to_Hayao.jpg,0.49915355,0.5309942960739136,0.6828802227973938,0.7969332,N/A,N/A
vangogh,Hayao,00519.jpg,images/vangogh_00519_to_Hayao.jpg,0.46571258,0.5976945161819458,0.6690689921379089,0.7462481,N/A,N/A
vangogh,monet,00528.jpg,images/vangogh_00528_to_monet.jpg,0.4613567,0.14962932467460632,0.7144739627838135,0.8165975,N/A,N/A
vangogh,monet,00519.jpg,images/vangogh_00519_to_monet.jpg,0.38223797,0.3500620126724243,0.7642852663993835,0.8291788,N/A,N/A
vangogh,vangogh,00528.jpg,images/vangogh_00528_to_vangogh.jpg,0.4988518,0.3005630373954773,0.783511757850647,0.82863504,N/A,N/A
vangogh,vangogh,00519.jpg,images/vangogh_00519_to_vangogh.jpg,0.40583664,0.40400010347366333,0.8256633281707764,0.8340628,N/A,N/A
vangogh,cezanne,00528.jpg,images/vangogh_00528_to_cezanne.jpg,0.49553,0.2653051018714905,0.7132934927940369,0.81038433,N/A,N/A
vangogh,cezanne,00519.jpg,images/vangogh_00519_to_cezanne.jpg,0.418655,0.4985184967517853,0.8065153360366821,0.7820216,N/A,N/A
vangogh,photo,00167.jpg,images/vangogh_00167_to_photo.jpg,0.4194064,0.46561214327812195,0.7237187623977661,0.8005169,N/A,N/A
vangogh,photo,00292.jpg,images/vangogh_00292_to_photo.jpg,0.47604457,0.6490651369094849,0.8032850027084351,0.7685884,N/A,N/A
vangogh,Hayao,00167.jpg,images/vangogh_00167_to_Hayao.jpg,0.4738863,0.4703318476676941,0.6325879693031311,0.7811912,N/A,N/A
vangogh,Hayao,00292.jpg,images/vangogh_00292_to_Hayao.jpg,0.51102686,0.5339151620864868,0.6561707258224487,0.7575928,N/A,N/A
vangogh,monet,00167.jpg,images/vangogh_00167_to_monet.jpg,0.43416855,0.3522265553474426,0.7853657603263855,0.86412024,N/A,N/A
vangogh,monet,00292.jpg,images/vangogh_00292_to_monet.jpg,0.48349625,0.35491007566452026,0.761171281337738,0.7841018,N/A,N/A
vangogh,vangogh,00167.jpg,images/vangogh_00167_to_vangogh.jpg,0.5087184,0.42670220136642456,0.7980226278305054,0.84108317,N/A,N/A
vangogh,vangogh,00292.jpg,images/vangogh_00292_to_vangogh.jpg,0.4802373,0.23622076213359833,0.7523293495178223,0.7746208,N/A,N/A
vangogh,cezanne,00167.jpg,images/vangogh_00167_to_cezanne.jpg,0.45891201,0.3760994076728821,0.7747534513473511,0.84294033,N/A,N/A
vangogh,cezanne,00292.jpg,images/vangogh_00292_to_cezanne.jpg,0.50437,0.32262393832206726,0.7594756484031677,0.7784608,N/A,N/A
vangogh,photo,00455.jpg,images/vangogh_00455_to_photo.jpg,0.48367018,0.6122606992721558,0.7472788691520691,0.70449275,N/A,N/A
vangogh,photo,00005.jpg,images/vangogh_00005_to_photo.jpg,0.3712717,0.5035207867622375,0.7071118950843811,0.81829476,N/A,N/A
vangogh,Hayao,00455.jpg,images/vangogh_00455_to_Hayao.jpg,0.55751896,0.6041064262390137,0.707001268863678,0.7473575,N/A,N/A
vangogh,Hayao,00005.jpg,images/vangogh_00005_to_Hayao.jpg,0.40853944,0.5037446022033691,0.6754957437515259,0.8463304,N/A,N/A
vangogh,monet,00455.jpg,images/vangogh_00455_to_monet.jpg,0.4545438,0.31429922580718994,0.7221068739891052,0.790595,N/A,N/A
vangogh,monet,00005.jpg,images/vangogh_00005_to_monet.jpg,0.35355315,0.34142112731933594,0.7314319610595703,0.8457459,N/A,N/A
vangogh,vangogh,00455.jpg,images/vangogh_00455_to_vangogh.jpg,0.47205555,0.35993480682373047,0.8291523456573486,0.83589303,N/A,N/A
vangogh,vangogh,00005.jpg,images/vangogh_00005_to_vangogh.jpg,0.3928604,0.3990451991558075,0.7795206904411316,0.8310477,N/A,N/A
vangogh,cezanne,00455.jpg,images/vangogh_00455_to_cezanne.jpg,0.48909026,0.3543814420700073,0.7599830627441406,0.7964146,N/A,N/A
vangogh,cezanne,00005.jpg,images/vangogh_00005_to_cezanne.jpg,0.38147143,0.34040307998657227,0.7483219504356384,0.8132707,N/A,N/A
vangogh,photo,00573.jpg,images/vangogh_00573_to_photo.jpg,0.4712137,0.592279851436615,0.7539839148521423,0.8118812,N/A,N/A
vangogh,photo,00220.jpg,images/vangogh_00220_to_photo.jpg,0.43303573,0.6032508611679077,0.7368854284286499,0.76986426,N/A,N/A
vangogh,Hayao,00573.jpg,images/vangogh_00573_to_Hayao.jpg,0.47579318,0.5029405355453491,0.6657259464263916,0.8407212,N/A,N/A
vangogh,Hayao,00220.jpg,images/vangogh_00220_to_Hayao.jpg,0.42208433,0.4647352397441864,0.5780462026596069,0.808822,N/A,N/A
vangogh,monet,00573.jpg,images/vangogh_00573_to_monet.jpg,0.41600212,0.3648262321949005,0.7567102313041687,0.8913962,N/A,N/A
vangogh,monet,00220.jpg,images/vangogh_00220_to_monet.jpg,0.42156285,0.4718198776245117,0.8086197972297668,0.8223864,N/A,N/A
vangogh,vangogh,00573.jpg,images/vangogh_00573_to_vangogh.jpg,0.3995183,0.33861851692199707,0.7911820411682129,0.8649756,N/A,N/A
vangogh,vangogh,00220.jpg,images/vangogh_00220_to_vangogh.jpg,0.41357398,0.45135754346847534,0.7801353931427002,0.7884454,N/A,N/A
vangogh,cezanne,00573.jpg,images/vangogh_00573_to_cezanne.jpg,0.40658346,0.41840142011642456,0.7869386076927185,0.90176135,N/A,N/A
vangogh,cezanne,00220.jpg,images/vangogh_00220_to_cezanne.jpg,0.41817525,0.47732067108154297,0.8167141079902649,0.8274965,N/A,N/A
vangogh,photo,00436.jpg,images/vangogh_00436_to_photo.jpg,0.47773105,0.508865475654602,0.6980337500572205,0.7164889,N/A,N/A
vangogh,photo,00681.jpg,images/vangogh_00681_to_photo.jpg,0.46886295,0.6599879264831543,0.7748834490776062,0.7258269,N/A,N/A
vangogh,Hayao,00436.jpg,images/vangogh_00436_to_Hayao.jpg,0.47567815,0.5401625633239746,0.6418063640594482,0.7711615,N/A,N/A
vangogh,Hayao,00681.jpg,images/vangogh_00681_to_Hayao.jpg,0.47091863,0.5906760692596436,0.6682042479515076,0.76426446,N/A,N/A
vangogh,monet,00436.jpg,images/vangogh_00436_to_monet.jpg,0.45979166,0.42964497208595276,0.7419445514678955,0.7407207,N/A,N/A
vangogh,monet,00681.jpg,images/vangogh_00681_to_monet.jpg,0.44346976,0.4191820025444031,0.8136155605316162,0.8360808,N/A,N/A
vangogh,vangogh,00436.jpg,images/vangogh_00436_to_vangogh.jpg,0.39797607,0.5278047919273376,0.8180370330810547,0.756071,N/A,N/A
vangogh,vangogh,00681.jpg,images/vangogh_00681_to_vangogh.jpg,0.41086507,0.42368757724761963,0.8112209439277649,0.7837442,N/A,N/A
vangogh,cezanne,00436.jpg,images/vangogh_00436_to_cezanne.jpg,0.42418617,0.5774581432342529,0.7954685688018799,0.7276988,N/A,N/A
vangogh,cezanne,00681.jpg,images/vangogh_00681_to_cezanne.jpg,0.43235308,0.42347967624664307,0.7912907600402832,0.80163515,N/A,N/A
vangogh,photo,00557.jpg,images/vangogh_00557_to_photo.jpg,0.47552425,0.6262462139129639,0.7544669508934021,0.7620107,N/A,N/A
vangogh,photo,00418.jpg,images/vangogh_00418_to_photo.jpg,0.44090366,0.6171976327896118,0.775576651096344,0.76840025,N/A,N/A
vangogh,Hayao,00557.jpg,images/vangogh_00557_to_Hayao.jpg,0.4890291,0.6304014921188354,0.7177372574806213,0.7200734,N/A,N/A
vangogh,Hayao,00418.jpg,images/vangogh_00418_to_Hayao.jpg,0.4846349,0.6631803512573242,0.7261857986450195,0.6996231,N/A,N/A
vangogh,monet,00557.jpg,images/vangogh_00557_to_monet.jpg,0.45552808,0.494533896446228,0.8285396099090576,0.8304813,N/A,N/A
vangogh,monet,00418.jpg,images/vangogh_00418_to_monet.jpg,0.4345446,0.33449652791023254,0.7738429307937622,0.833966,N/A,N/A
vangogh,vangogh,00557.jpg,images/vangogh_00557_to_vangogh.jpg,0.47240722,0.5990167856216431,0.8574091196060181,0.77778304,N/A,N/A
vangogh,vangogh,00418.jpg,images/vangogh_00418_to_vangogh.jpg,0.45027113,0.4254709482192993,0.80772864818573,0.7938438,N/A,N/A
vangogh,cezanne,00557.jpg,images/vangogh_00557_to_cezanne.jpg,0.4621946,0.499285489320755,0.7988547086715698,0.7821834,N/A,N/A
vangogh,cezanne,00418.jpg,images/vangogh_00418_to_cezanne.jpg,0.4259079,0.31346696615219116,0.75185227394104,0.7886239,N/A,N/A
vangogh,photo,00352.jpg,images/vangogh_00352_to_photo.jpg,0.4932363,0.565741777420044,0.7592409253120422,0.74728763,N/A,N/A
vangogh,photo,00264.jpg,images/vangogh_00264_to_photo.jpg,0.48097327,0.5869214534759521,0.7561495304107666,0.8082228,N/A,N/A
vangogh,Hayao,00352.jpg,images/vangogh_00352_to_Hayao.jpg,0.5578319,0.4536259174346924,0.6281967759132385,0.8204666,N/A,N/A
vangogh,Hayao,00264.jpg,images/vangogh_00264_to_Hayao.jpg,0.5148241,0.7258645296096802,0.7497835755348206,0.72341526,N/A,N/A
vangogh,monet,00352.jpg,images/vangogh_00352_to_monet.jpg,0.4656958,0.2532001733779907,0.691421627998352,0.7530465,N/A,N/A
vangogh,monet,00264.jpg,images/vangogh_00264_to_monet.jpg,0.46688384,0.38389062881469727,0.7849392890930176,0.8045281,N/A,N/A
vangogh,vangogh,00352.jpg,images/vangogh_00352_to_vangogh.jpg,0.5138253,0.305769681930542,0.7622363567352295,0.77674294,N/A,N/A
vangogh,vangogh,00264.jpg,images/vangogh_00264_to_vangogh.jpg,0.46530533,0.4068000912666321,0.8321806192398071,0.84049225,N/A,N/A
vangogh,cezanne,00352.jpg,images/vangogh_00352_to_cezanne.jpg,0.49701136,0.3288184404373169,0.7339845299720764,0.786592,N/A,N/A
vangogh,cezanne,00264.jpg,images/vangogh_00264_to_cezanne.jpg,0.47570175,0.39453989267349243,0.7466328740119934,0.7732332,N/A,N/A
vangogh,photo,00277.jpg,images/vangogh_00277_to_photo.jpg,0.45359442,0.44772928953170776,0.6066579222679138,0.757617,N/A,N/A
vangogh,photo,00561.jpg,images/vangogh_00561_to_photo.jpg,0.43402445,0.5512709617614746,0.6321480870246887,0.73849607,N/A,N/A
vangogh,Hayao,00277.jpg,images/vangogh_00277_to_Hayao.jpg,0.50239694,0.559349536895752,0.6699349880218506,0.77818805,N/A,N/A
vangogh,Hayao,00561.jpg,images/vangogh_00561_to_Hayao.jpg,0.47783598,0.5205374360084534,0.6136490106582642,0.7586465,N/A,N/A
vangogh,monet,00277.jpg,images/vangogh_00277_to_monet.jpg,0.46397024,0.3334693908691406,0.5930023789405823,0.7777206,N/A,N/A
vangogh,monet,00561.jpg,images/vangogh_00561_to_monet.jpg,0.38956645,0.32326218485832214,0.7435200214385986,0.8699048,N/A,N/A
vangogh,vangogh,00277.jpg,images/vangogh_00277_to_vangogh.jpg,0.5061513,0.45677313208580017,0.6977090835571289,0.7540867,N/A,N/A
vangogh,vangogh,00561.jpg,images/vangogh_00561_to_vangogh.jpg,0.42973396,0.4635257124900818,0.8043612241744995,0.8194235,N/A,N/A
vangogh,cezanne,00277.jpg,images/vangogh_00277_to_cezanne.jpg,0.45709258,0.2877325713634491,0.6250044107437134,0.7507884,N/A,N/A
vangogh,cezanne,00561.jpg,images/vangogh_00561_to_cezanne.jpg,0.42607695,0.33400437235832214,0.7435205578804016,0.8411846,N/A,N/A
cezanne,photo,00342.jpg,images/cezanne_00342_to_photo.jpg,0.44868687,0.3950190842151642,0.592245876789093,0.82799685,N/A,N/A
cezanne,photo,00332.jpg,images/cezanne_00332_to_photo.jpg,0.44638586,0.4350457191467285,0.5714437961578369,0.80930865,N/A,N/A
cezanne,Hayao,00342.jpg,images/cezanne_00342_to_Hayao.jpg,0.5045093,0.579438328742981,0.6972326040267944,0.82743835,N/A,N/A
cezanne,Hayao,00332.jpg,images/cezanne_00332_to_Hayao.jpg,0.46015942,0.597931981086731,0.6752009987831116,0.7625358,N/A,N/A
cezanne,monet,00342.jpg,images/cezanne_00342_to_monet.jpg,0.4625064,0.25729912519454956,0.6635311841964722,0.83367914,N/A,N/A
cezanne,monet,00332.jpg,images/cezanne_00332_to_monet.jpg,0.473468,0.41763603687286377,0.7003719806671143,0.7884104,N/A,N/A
cezanne,vangogh,00342.jpg,images/cezanne_00342_to_vangogh.jpg,0.52506226,0.4382312297821045,0.7219161987304688,0.7317301,N/A,N/A
cezanne,vangogh,00332.jpg,images/cezanne_00332_to_vangogh.jpg,0.47604463,0.5203201770782471,0.7764809131622314,0.78544647,N/A,N/A
cezanne,cezanne,00342.jpg,images/cezanne_00342_to_cezanne.jpg,0.46952614,0.36334219574928284,0.7765181660652161,0.8429182,N/A,N/A
cezanne,cezanne,00332.jpg,images/cezanne_00332_to_cezanne.jpg,0.43563998,0.4092509150505066,0.7779983282089233,0.8236107,N/A,N/A
cezanne,photo,00275.jpg,images/cezanne_00275_to_photo.jpg,0.42563635,0.6082862615585327,0.7524392604827881,0.75841707,N/A,N/A
cezanne,photo,00219.jpg,images/cezanne_00219_to_photo.jpg,0.4701297,0.633622944355011,0.7501004338264465,0.7604253,N/A,N/A
cezanne,Hayao,00275.jpg,images/cezanne_00275_to_Hayao.jpg,0.46218613,0.5628605484962463,0.6272484064102173,0.7294571,N/A,N/A
cezanne,Hayao,00219.jpg,images/cezanne_00219_to_Hayao.jpg,0.4513641,0.6175477504730225,0.6619164347648621,0.772348,N/A,N/A
cezanne,monet,00275.jpg,images/cezanne_00275_to_monet.jpg,0.40893087,0.32877466082572937,0.7785260677337646,0.83007836,N/A,N/A
cezanne,monet,00219.jpg,images/cezanne_00219_to_monet.jpg,0.44305235,0.5109541416168213,0.845676600933075,0.81403923,N/A,N/A
cezanne,vangogh,00275.jpg,images/cezanne_00275_to_vangogh.jpg,0.45889124,0.4842528998851776,0.7910764217376709,0.7866164,N/A,N/A
cezanne,vangogh,00219.jpg,images/cezanne_00219_to_vangogh.jpg,0.46790916,0.48129576444625854,0.8381962776184082,0.8339137,N/A,N/A
cezanne,cezanne,00275.jpg,images/cezanne_00275_to_cezanne.jpg,0.42025685,0.46805790066719055,0.7998735904693604,0.77323747,N/A,N/A
cezanne,cezanne,00219.jpg,images/cezanne_00219_to_cezanne.jpg,0.46046615,0.4808201193809509,0.8378252983093262,0.8212002,N/A,N/A
cezanne,photo,00123.jpg,images/cezanne_00123_to_photo.jpg,0.44899347,0.665758490562439,0.7444894909858704,0.70630723,N/A,N/A
cezanne,photo,00582.jpg,images/cezanne_00582_to_photo.jpg,0.4218576,0.48263517022132874,0.6440476775169373,0.8449793,N/A,N/A
cezanne,Hayao,00123.jpg,images/cezanne_00123_to_Hayao.jpg,0.4750641,0.642322838306427,0.6439133286476135,0.704746,N/A,N/A
cezanne,Hayao,00582.jpg,images/cezanne_00582_to_Hayao.jpg,0.48309183,0.4586392641067505,0.5733442306518555,0.8733769,N/A,N/A
cezanne,monet,00123.jpg,images/cezanne_00123_to_monet.jpg,0.39124078,0.5309156179428101,0.8362817764282227,0.80379677,N/A,N/A
cezanne,monet,00582.jpg,images/cezanne_00582_to_monet.jpg,0.42248,0.4316396713256836,0.7843517661094666,0.87664413,N/A,N/A
cezanne,vangogh,00123.jpg,images/cezanne_00123_to_vangogh.jpg,0.40877694,0.4467742443084717,0.7734026908874512,0.77678955,N/A,N/A
cezanne,vangogh,00582.jpg,images/cezanne_00582_to_vangogh.jpg,0.4696552,0.45660027861595154,0.8019195199012756,0.87373495,N/A,N/A
cezanne,cezanne,00123.jpg,images/cezanne_00123_to_cezanne.jpg,0.4000835,0.5414474010467529,0.8062056303024292,0.7434336,N/A,N/A
cezanne,cezanne,00582.jpg,images/cezanne_00582_to_cezanne.jpg,0.435133,0.46465229988098145,0.8321748971939087,0.86739516,N/A,N/A
cezanne,photo,00348.jpg,images/cezanne_00348_to_photo.jpg,0.44354373,0.5107339024543762,0.5991483330726624,0.8018261,N/A,N/A
cezanne,photo,00204.jpg,images/cezanne_00204_to_photo.jpg,0.41144827,0.5854284763336182,0.7375273108482361,0.8351166,N/A,N/A
cezanne,Hayao,00348.jpg,images/cezanne_00348_to_Hayao.jpg,0.47523156,0.49562400579452515,0.5820804238319397,0.7981895,N/A,N/A
cezanne,Hayao,00204.jpg,images/cezanne_00204_to_Hayao.jpg,0.49238643,0.609565794467926,0.6692608594894409,0.8022634,N/A,N/A
cezanne,monet,00348.jpg,images/cezanne_00348_to_monet.jpg,0.4462396,0.3925345838069916,0.7003325819969177,0.83177626,N/A,N/A
cezanne,monet,00204.jpg,images/cezanne_00204_to_monet.jpg,0.39989978,0.19798849523067474,0.7903818488121033,0.88230765,N/A,N/A
cezanne,vangogh,00348.jpg,images/cezanne_00348_to_vangogh.jpg,0.47506362,0.4219149649143219,0.7538856267929077,0.8287533,N/A,N/A
cezanne,vangogh,00204.jpg,images/cezanne_00204_to_vangogh.jpg,0.4619873,0.30358535051345825,0.8094183206558228,0.8804729,N/A,N/A
cezanne,cezanne,00348.jpg,images/cezanne_00348_to_cezanne.jpg,0.45663744,0.48224931955337524,0.8084003329277039,0.8280631,N/A,N/A
cezanne,cezanne,00204.jpg,images/cezanne_00204_to_cezanne.jpg,0.43403742,0.2933424413204193,0.8149681091308594,0.86089575,N/A,N/A
cezanne,photo,00379.jpg,images/cezanne_00379_to_photo.jpg,0.508722,0.622674822807312,0.7066291570663452,0.61563516,N/A,N/A
cezanne,photo,00263.jpg,images/cezanne_00263_to_photo.jpg,0.40183073,0.3659875988960266,0.59349524974823,0.83760256,N/A,N/A
cezanne,Hayao,00379.jpg,images/cezanne_00379_to_Hayao.jpg,0.5241936,0.7362141013145447,0.7398792505264282,0.5538999,N/A,N/A
cezanne,Hayao,00263.jpg,images/cezanne_00263_to_Hayao.jpg,0.3632324,0.34527960419654846,0.584435760974884,0.85204124,N/A,N/A
cezanne,monet,00379.jpg,images/cezanne_00379_to_monet.jpg,0.49065977,0.40004193782806396,0.7283895015716553,0.73336697,N/A,N/A
cezanne,monet,00263.jpg,images/cezanne_00263_to_monet.jpg,0.40421936,0.16140368580818176,0.5953367948532104,0.8144777,N/A,N/A
cezanne,vangogh,00379.jpg,images/cezanne_00379_to_vangogh.jpg,0.47151017,0.5034351944923401,0.7367751002311707,0.6787072,N/A,N/A
cezanne,vangogh,00263.jpg,images/cezanne_00263_to_vangogh.jpg,0.41802776,0.27755147218704224,0.7000619173049927,0.85460174,N/A,N/A
cezanne,cezanne,00379.jpg,images/cezanne_00379_to_cezanne.jpg,0.43935412,0.40087631344795227,0.6924260258674622,0.65093315,N/A,N/A
cezanne,cezanne,00263.jpg,images/cezanne_00263_to_cezanne.jpg,0.38149217,0.18894678354263306,0.7485512495040894,0.88066614,N/A,N/A
cezanne,photo,00388.jpg,images/cezanne_00388_to_photo.jpg,0.35224903,0.4041423797607422,0.6496416330337524,0.92945194,N/A,N/A
cezanne,photo,00298.jpg,images/cezanne_00298_to_photo.jpg,0.47635514,0.5955702066421509,0.7234988212585449,0.7965578,N/A,N/A
cezanne,Hayao,00388.jpg,images/cezanne_00388_to_Hayao.jpg,0.42371738,0.3667367100715637,0.5404117107391357,0.9345254,N/A,N/A
cezanne,Hayao,00298.jpg,images/cezanne_00298_to_Hayao.jpg,0.47723556,0.5363645553588867,0.5959357023239136,0.80262876,N/A,N/A
cezanne,monet,00388.jpg,images/cezanne_00388_to_monet.jpg,0.35039836,0.21693789958953857,0.8021697998046875,0.9357053,N/A,N/A
cezanne,monet,00298.jpg,images/cezanne_00298_to_monet.jpg,0.44318688,0.4229661226272583,0.8148161172866821,0.85225224,N/A,N/A
cezanne,vangogh,00388.jpg,images/cezanne_00388_to_vangogh.jpg,0.4184632,0.3427044749259949,0.8225080370903015,0.9481937,N/A,N/A
cezanne,vangogh,00298.jpg,images/cezanne_00298_to_vangogh.jpg,0.4582651,0.448231041431427,0.7964537143707275,0.7987792,N/A,N/A
cezanne,cezanne,00388.jpg,images/cezanne_00388_to_cezanne.jpg,0.3796692,0.20865747332572937,0.8123952150344849,0.9443171,N/A,N/A
cezanne,cezanne,00298.jpg,images/cezanne_00298_to_cezanne.jpg,0.39566958,0.4557098150253296,0.85154128074646,0.84144694,N/A,N/A
cezanne,photo,00223.jpg,images/cezanne_00223_to_photo.jpg,0.3844852,0.6145150661468506,0.7398365139961243,0.7675984,N/A,N/A
cezanne,photo,00104.jpg,images/cezanne_00104_to_photo.jpg,0.41338295,0.618107259273529,0.7355211973190308,0.7878278,N/A,N/A
cezanne,Hayao,00223.jpg,images/cezanne_00223_to_Hayao.jpg,0.47443956,0.5388021469116211,0.642108678817749,0.8310049,N/A,N/A
cezanne,Hayao,00104.jpg,images/cezanne_00104_to_Hayao.jpg,0.46423408,0.5985209941864014,0.6454257965087891,0.7730818,N/A,N/A
cezanne,monet,00223.jpg,images/cezanne_00223_to_monet.jpg,0.38015288,0.26111605763435364,0.7510569095611572,0.8694761,N/A,N/A
cezanne,monet,00104.jpg,images/cezanne_00104_to_monet.jpg,0.41308263,0.4940033555030823,0.8432986736297607,0.83268887,N/A,N/A
cezanne,vangogh,00223.jpg,images/cezanne_00223_to_vangogh.jpg,0.4494271,0.3831469416618347,0.7508590221405029,0.8143916,N/A,N/A
cezanne,vangogh,00104.jpg,images/cezanne_00104_to_vangogh.jpg,0.45984724,0.49823737144470215,0.8290042281150818,0.8027045,N/A,N/A
cezanne,cezanne,00223.jpg,images/cezanne_00223_to_cezanne.jpg,0.39891273,0.28437361121177673,0.7917248010635376,0.84963775,N/A,N/A
cezanne,cezanne,00104.jpg,images/cezanne_00104_to_cezanne.jpg,0.45301655,0.5109379291534424,0.8316816091537476,0.7891638,N/A,N/A
cezanne,photo,00437.jpg,images/cezanne_00437_to_photo.jpg,0.44905567,0.4525831341743469,0.6547209024429321,0.78697646,N/A,N/A
cezanne,photo,00428.jpg,images/cezanne_00428_to_photo.jpg,0.46317044,0.5124508142471313,0.6580411195755005,0.8492429,N/A,N/A
cezanne,Hayao,00437.jpg,images/cezanne_00437_to_Hayao.jpg,0.4635169,0.6591865420341492,0.739679217338562,0.76844203,N/A,N/A
cezanne,Hayao,00428.jpg,images/cezanne_00428_to_Hayao.jpg,0.50449246,0.48713988065719604,0.6142994165420532,0.8045667,N/A,N/A
cezanne,monet,00437.jpg,images/cezanne_00437_to_monet.jpg,0.44194525,0.3369484543800354,0.7080932855606079,0.82607317,N/A,N/A
cezanne,monet,00428.jpg,images/cezanne_00428_to_monet.jpg,0.45083416,0.46279698610305786,0.7748572826385498,0.86628234,N/A,N/A
cezanne,vangogh,00437.jpg,images/cezanne_00437_to_vangogh.jpg,0.45814037,0.38471555709838867,0.7771449089050293,0.82955134,N/A,N/A
cezanne,vangogh,00428.jpg,images/cezanne_00428_to_vangogh.jpg,0.48863536,0.4295295476913452,0.7987972497940063,0.86960614,N/A,N/A
cezanne,cezanne,00437.jpg,images/cezanne_00437_to_cezanne.jpg,0.42257845,0.4354468882083893,0.8099020719528198,0.8325728,N/A,N/A
cezanne,cezanne,00428.jpg,images/cezanne_00428_to_cezanne.jpg,0.46053293,0.42470765113830566,0.842780590057373,0.8714773,N/A,N/A
cezanne,photo,00212.jpg,images/cezanne_00212_to_photo.jpg,0.3877479,0.35452523827552795,0.6511563658714294,0.8862498,N/A,N/A
cezanne,photo,00335.jpg,images/cezanne_00335_to_photo.jpg,0.38982135,0.48703306913375854,0.6113267540931702,0.828725,N/A,N/A
cezanne,Hayao,00212.jpg,images/cezanne_00212_to_Hayao.jpg,0.4298824,0.5093491077423096,0.619188129901886,0.87096894,N/A,N/A
cezanne,Hayao,00335.jpg,images/cezanne_00335_to_Hayao.jpg,0.39529574,0.42316657304763794,0.5916502475738525,0.8561915,N/A,N/A
cezanne,monet,00212.jpg,images/cezanne_00212_to_monet.jpg,0.3931573,0.23027852177619934,0.8006494641304016,0.8713658,N/A,N/A
cezanne,monet,00335.jpg,images/cezanne_00335_to_monet.jpg,0.40790412,0.41230714321136475,0.7731665372848511,0.8863125,N/A,N/A
cezanne,vangogh,00212.jpg,images/cezanne_00212_to_vangogh.jpg,0.4263551,0.2343088835477829,0.8004794120788574,0.8749914,N/A,N/A
cezanne,vangogh,00335.jpg,images/cezanne_00335_to_vangogh.jpg,0.4418515,0.42299872636795044,0.8045056462287903,0.83775747,N/A,N/A
cezanne,cezanne,00212.jpg,images/cezanne_00212_to_cezanne.jpg,0.40136844,0.2297993004322052,0.833653450012207,0.8955665,N/A,N/A
cezanne,cezanne,00335.jpg,images/cezanne_00335_to_cezanne.jpg,0.39048675,0.4469020366668701,0.853920042514801,0.88727874,N/A,N/A
cezanne,photo,00411.jpg,images/cezanne_00411_to_photo.jpg,0.39506882,0.49365466833114624,0.634205162525177,0.8170793,N/A,N/A
cezanne,photo,00057.jpg,images/cezanne_00057_to_photo.jpg,0.3871414,0.402923583984375,0.6231248378753662,0.87005055,N/A,N/A
cezanne,Hayao,00411.jpg,images/cezanne_00411_to_Hayao.jpg,0.4168207,0.5226041674613953,0.6380146741867065,0.823269,N/A,N/A
cezanne,Hayao,00057.jpg,images/cezanne_00057_to_Hayao.jpg,0.41672048,0.5598940849304199,0.6726094484329224,0.7799072,N/A,N/A
cezanne,monet,00411.jpg,images/cezanne_00411_to_monet.jpg,0.4384187,0.3299053907394409,0.7189153432846069,0.8558483,N/A,N/A
cezanne,monet,00057.jpg,images/cezanne_00057_to_monet.jpg,0.4124475,0.2918418049812317,0.6748997569084167,0.82281154,N/A,N/A
cezanne,vangogh,00411.jpg,images/cezanne_00411_to_vangogh.jpg,0.52097404,0.48100996017456055,0.7860878109931946,0.8194859,N/A,N/A
cezanne,vangogh,00057.jpg,images/cezanne_00057_to_vangogh.jpg,0.44565952,0.4143279194831848,0.7442672252655029,0.79123855,N/A,N/A
cezanne,cezanne,00411.jpg,images/cezanne_00411_to_cezanne.jpg,0.4211093,0.278083860874176,0.8039690852165222,0.88945675,N/A,N/A
cezanne,cezanne,00057.jpg,images/cezanne_00057_to_cezanne.jpg,0.40026227,0.33878764510154724,0.7723501324653625,0.80894244,N/A,N/A
cezanne,photo,00576.jpg,images/cezanne_00576_to_photo.jpg,0.44620776,0.6061979532241821,0.7122923135757446,0.7251972,N/A,N/A
cezanne,photo,00271.jpg,images/cezanne_00271_to_photo.jpg,0.45424914,0.6181260943412781,0.765164315700531,0.73759496,N/A,N/A
cezanne,Hayao,00576.jpg,images/cezanne_00576_to_Hayao.jpg,0.5033916,0.5227852463722229,0.5749732851982117,0.7821655,N/A,N/A
cezanne,Hayao,00271.jpg,images/cezanne_00271_to_Hayao.jpg,0.52253747,0.6391716003417969,0.6882849931716919,0.77207917,N/A,N/A
cezanne,monet,00576.jpg,images/cezanne_00576_to_monet.jpg,0.4502778,0.4885447323322296,0.8024253845214844,0.7896613,N/A,N/A
cezanne,monet,00271.jpg,images/cezanne_00271_to_monet.jpg,0.44962612,0.3152972459793091,0.7714276909828186,0.78938663,N/A,N/A
cezanne,vangogh,00576.jpg,images/cezanne_00576_to_vangogh.jpg,0.4897945,0.4771128296852112,0.8016512393951416,0.81200844,N/A,N/A
cezanne,vangogh,00271.jpg,images/cezanne_00271_to_vangogh.jpg,0.5029731,0.44195452332496643,0.8076707720756531,0.8144635,N/A,N/A
cezanne,cezanne,00576.jpg,images/cezanne_00576_to_cezanne.jpg,0.46254903,0.4881565570831299,0.8128347992897034,0.8050729,N/A,N/A
cezanne,cezanne,00271.jpg,images/cezanne_00271_to_cezanne.jpg,0.4672298,0.37602418661117554,0.7791208624839783,0.7699034,N/A,N/A
cezanne,photo,00393.jpg,images/cezanne_00393_to_photo.jpg,0.45582193,0.6892737150192261,0.7524637579917908,0.6979567,N/A,N/A
cezanne,photo,00605.jpg,images/cezanne_00605_to_photo.jpg,0.405018,0.485725462436676,0.6040849685668945,0.79143125,N/A,N/A
cezanne,Hayao,00393.jpg,images/cezanne_00393_to_Hayao.jpg,0.49301618,0.7037708759307861,0.6939694881439209,0.62239546,N/A,N/A
cezanne,Hayao,00605.jpg,images/cezanne_00605_to_Hayao.jpg,0.448299,0.6103628277778625,0.6782665252685547,0.75135976,N/A,N/A
cezanne,monet,00393.jpg,images/cezanne_00393_to_monet.jpg,0.437151,0.5491622686386108,0.7768471240997314,0.7146667,N/A,N/A
cezanne,monet,00605.jpg,images/cezanne_00605_to_monet.jpg,0.41870564,0.36907464265823364,0.7162812352180481,0.8138748,N/A,N/A
cezanne,vangogh,00393.jpg,images/cezanne_00393_to_vangogh.jpg,0.47744492,0.5770039558410645,0.774219810962677,0.68936527,N/A,N/A
cezanne,vangogh,00605.jpg,images/cezanne_00605_to_vangogh.jpg,0.4541661,0.39672648906707764,0.7542358636856079,0.7928923,N/A,N/A
cezanne,cezanne,00393.jpg,images/cezanne_00393_to_cezanne.jpg,0.45403337,0.5355627536773682,0.777214527130127,0.71010554,N/A,N/A
cezanne,cezanne,00605.jpg,images/cezanne_00605_to_cezanne.jpg,0.41016048,0.455802321434021,0.7993963956832886,0.80396515,N/A,N/A
cezanne,photo,00517.jpg,images/cezanne_00517_to_photo.jpg,0.40146044,0.5155447125434875,0.5882763862609863,0.78386027,N/A,N/A
cezanne,photo,00382.jpg,images/cezanne_00382_to_photo.jpg,0.48670954,0.5781656503677368,0.7509682178497314,0.762201,N/A,N/A
cezanne,Hayao,00517.jpg,images/cezanne_00517_to_Hayao.jpg,0.48588437,0.6585081815719604,0.6991071105003357,0.7983842,N/A,N/A
cezanne,Hayao,00382.jpg,images/cezanne_00382_to_Hayao.jpg,0.52432066,0.5171407461166382,0.5937658548355103,0.77963984,N/A,N/A
cezanne,monet,00517.jpg,images/cezanne_00517_to_monet.jpg,0.42349416,0.41791266202926636,0.6562850475311279,0.7516174,N/A,N/A
cezanne,monet,00382.jpg,images/cezanne_00382_to_monet.jpg,0.46837205,0.3922939896583557,0.7705104351043701,0.7839831,N/A,N/A
cezanne,vangogh,00517.jpg,images/cezanne_00517_to_vangogh.jpg,0.48674792,0.43526050448417664,0.678230345249176,0.71765375,N/A,N/A
cezanne,vangogh,00382.jpg,images/cezanne_00382_to_vangogh.jpg,0.47859657,0.4483284652233124,0.7631755471229553,0.7601797,N/A,N/A
cezanne,cezanne,00517.jpg,images/cezanne_00517_to_cezanne.jpg,0.4454959,0.440813809633255,0.7345229983329773,0.75601006,N/A,N/A
cezanne,cezanne,00382.jpg,images/cezanne_00382_to_cezanne.jpg,0.48131952,0.38383013010025024,0.779822826385498,0.7773746,N/A,N/A
cezanne,photo,00375.jpg,images/cezanne_00375_to_photo.jpg,0.4646268,0.46906524896621704,0.7328850030899048,0.88153696,N/A,N/A
cezanne,photo,00286.jpg,images/cezanne_00286_to_photo.jpg,0.4779876,0.510649561882019,0.7724569439888,0.8381076,N/A,N/A
cezanne,Hayao,00375.jpg,images/cezanne_00375_to_Hayao.jpg,0.49186793,0.45004594326019287,0.6119446754455566,0.8762046,N/A,N/A
cezanne,Hayao,00286.jpg,images/cezanne_00286_to_Hayao.jpg,0.4678955,0.4943873882293701,0.6490521430969238,0.83131707,N/A,N/A
cezanne,monet,00375.jpg,images/cezanne_00375_to_monet.jpg,0.47560728,0.3917463421821594,0.8662620782852173,0.8896675,N/A,N/A
cezanne,monet,00286.jpg,images/cezanne_00286_to_monet.jpg,0.45783514,0.37495315074920654,0.8304105997085571,0.87696373,N/A,N/A
cezanne,vangogh,00375.jpg,images/cezanne_00375_to_vangogh.jpg,0.47725266,0.3569859564304352,0.8401486873626709,0.889719,N/A,N/A
cezanne,vangogh,00286.jpg,images/cezanne_00286_to_vangogh.jpg,0.47163078,0.3519528806209564,0.8215228319168091,0.85897577,N/A,N/A
cezanne,cezanne,00375.jpg,images/cezanne_00375_to_cezanne.jpg,0.47271654,0.3229452669620514,0.8486025929450989,0.8870065,N/A,N/A
cezanne,cezanne,00286.jpg,images/cezanne_00286_to_cezanne.jpg,0.4558264,0.31317442655563354,0.8240576386451721,0.87126756,N/A,N/A
cezanne,photo,00303.jpg,images/cezanne_00303_to_photo.jpg,0.48191047,0.5590239763259888,0.6470056176185608,0.8299109,N/A,N/A
cezanne,photo,00546.jpg,images/cezanne_00546_to_photo.jpg,0.41721654,0.5084805488586426,0.7089204788208008,0.81933844,N/A,N/A
cezanne,Hayao,00303.jpg,images/cezanne_00303_to_Hayao.jpg,0.548966,0.5073349475860596,0.6020888686180115,0.8525235,N/A,N/A
cezanne,Hayao,00546.jpg,images/cezanne_00546_to_Hayao.jpg,0.4703068,0.5011422634124756,0.6048049926757812,0.8535738,N/A,N/A
cezanne,monet,00303.jpg,images/cezanne_00303_to_monet.jpg,0.4941386,0.39460641145706177,0.7431497573852539,0.87409675,N/A,N/A
cezanne,monet,00546.jpg,images/cezanne_00546_to_monet.jpg,0.4075618,0.35253196954727173,0.7618119716644287,0.8384109,N/A,N/A
cezanne,vangogh,00303.jpg,images/cezanne_00303_to_vangogh.jpg,0.51310825,0.5146151185035706,0.7848073244094849,0.82240963,N/A,N/A
cezanne,vangogh,00546.jpg,images/cezanne_00546_to_vangogh.jpg,0.43897718,0.31441837549209595,0.7737564444541931,0.8452378,N/A,N/A
cezanne,cezanne,00303.jpg,images/cezanne_00303_to_cezanne.jpg,0.4792273,0.4440634250640869,0.8062991499900818,0.84537756,N/A,N/A
cezanne,cezanne,00546.jpg,images/cezanne_00546_to_cezanne.jpg,0.42106885,0.32941001653671265,0.818932056427002,0.86528766,N/A,N/A
